Legend
======
Order:       curve order
Px,Py,Pz:    coordinates of point P on the centerline
Tx,Ty,Tz:    coordinates of the direction of the Tangent vector to point P
Nx,Ny,Nz:    coordinates of the direction of the Normal vector to point P
BNx,BNy,BNz: coordinates of the direction of the Binormal vector to point P
Dfit:        diameter of the best fit circle in point P
Dmin:        diameter of the inscribing circle in point P
Dmax:        diameter of the subscribing circle in point P
C:           curvature in point P
Dh:          hydraulic diameter in point P
Xh:          hydraulic ratio in point P
Scf:         distance of circumference in point P
Area:        sectional area in point P
E:           ellipticity in point P


Order: Cubic

[Main Branch Set] Branch Segment 1:


        Px         Py         Pz         Tx         Ty         Tz         Nx         Ny         Nz        BNx        BNy        BNz
   14.8576  -200.1630  1751.2599    -0.3740    -0.8006     0.4682     0.3617    -0.5908    -0.7212     0.8540    -0.1004     0.5105
   14.6262  -200.6791  1751.5451    -0.3559    -0.8295     0.4304     0.3500    -0.5453    -0.7617     0.8665    -0.1205     0.4844
   14.3941  -201.2494  1751.8180    -0.3323    -0.8643     0.3776     0.3522    -0.4852    -0.8004     0.8749    -0.1330     0.4656
   14.1493  -201.9367  1752.0809    -0.2968    -0.9081     0.2953     0.3609    -0.3929    -0.8458     0.8841    -0.1445     0.4444
   13.9278  -202.6935  1752.2736    -0.2457    -0.9540     0.1716     0.3646    -0.2550    -0.8956     0.8982    -0.1575     0.4105
   13.7556  -203.4762  1752.3468    -0.1788    -0.9839     0.0017     0.3605    -0.0671    -0.9304     0.9155    -0.1658     0.3667
   13.6438  -204.2507  1752.2708    -0.1049    -0.9746    -0.1978     0.3327     0.1530    -0.9305     0.9372    -0.1634     0.3083
   13.5872  -204.9955  1752.0398    -0.0442    -0.9215    -0.3859     0.2478     0.3641    -0.8978     0.9678    -0.1353     0.2122
   13.5659  -205.7033  1751.6709    -0.0156    -0.8501    -0.5264     0.0709     0.5242    -0.8486     0.9974    -0.0505     0.0521
   13.5518  -206.3781  1751.1990    -0.0249    -0.7925    -0.6094    -0.3766     0.5721    -0.7286     0.9260     0.2113    -0.3127
   13.5146  -207.0323  1750.6682    -0.0680    -0.7640    -0.6416    -0.9651     0.2133    -0.1518     0.2529     0.6089    -0.7519
   13.4295  -207.6814  1750.1226    -0.1346    -0.7627    -0.6325    -0.9325    -0.1184     0.3412    -0.3351     0.6358    -0.6953
   13.2817  -208.3392  1749.5971    -0.2115    -0.7774    -0.5923    -0.8098    -0.2000     0.5516    -0.5473     0.5963    -0.5872
   13.0685  -209.0141  1749.1126    -0.2833    -0.7952    -0.5361    -0.7298    -0.1839     0.6584    -0.6222     0.5778    -0.5283
   12.7982  -209.7069  1748.6732    -0.3392    -0.8070    -0.4834    -0.7075    -0.1198     0.6965    -0.6200     0.5782    -0.5303
   12.4858  -210.4105  1748.2688    -0.3761    -0.8092    -0.4513    -0.8360     0.0863     0.5420    -0.3996     0.5811    -0.7090
   12.1483  -211.1114  1747.8794    -0.3978    -0.8000    -0.4492    -0.6024     0.5970    -0.5298     0.6920     0.0599    -0.7194
   11.7989  -211.7927  1747.4818    -0.4114    -0.7766    -0.4771    -0.2146     0.5913    -0.7774     0.8858    -0.2174    -0.4100
   11.4438  -212.4370  1747.0561    -0.4245    -0.7360    -0.5274    -0.1821     0.6400    -0.7465     0.8869    -0.2208    -0.4056
   11.0811  -213.0298  1746.5900    -0.4438    -0.6774    -0.5866    -0.2594     0.7237    -0.6395     0.8577    -0.1317    -0.4969
   10.7019  -213.5614  1746.0815    -0.4743    -0.6049    -0.6396    -0.3743     0.7962    -0.4754     0.7969     0.0139    -0.6040
   10.2939  -214.0285  1745.5377    -0.5165    -0.5273    -0.6746    -0.5113     0.8219    -0.2510     0.6869     0.2152    -0.6942
    9.8455  -214.4344  1744.9725    -0.5673    -0.4546    -0.6866    -0.6200     0.7846    -0.0072     0.5420     0.4216    -0.7270
    9.3502  -214.7873  1744.4021    -0.6200    -0.3944    -0.6783    -0.6870     0.6904     0.2265     0.3790     0.6064    -0.6990
    8.8087  -215.0994  1743.8407    -0.6673    -0.3517    -0.6565    -0.7154     0.5480     0.4335     0.2073     0.7589    -0.6173
    8.2293  -215.3850  1743.2974    -0.7031    -0.3281    -0.6309    -0.7108     0.3492     0.6106     0.0200     0.8777    -0.4787
    7.6261  -215.6582  1742.7743    -0.7238    -0.3222    -0.6102    -0.6094    -0.1163     0.7843    -0.3237     0.9395    -0.1121
    7.0158  -215.9314  1742.2675    -0.7282    -0.3313    -0.6000     0.2403    -0.9433     0.2292    -0.6419     0.0227     0.7665
    6.4135  -216.2147  1741.7682    -0.7172    -0.3510    -0.6021     0.5887    -0.7675    -0.2538    -0.3730    -0.5364     0.7570
    5.8298  -216.5145  1741.2665    -0.6944    -0.3751    -0.6140     0.6827    -0.6131    -0.3975    -0.2274    -0.6952     0.6819
    5.2689  -216.8334  1740.7534    -0.6660    -0.3978    -0.6310     0.7315    -0.5141    -0.4479    -0.1462    -0.7599     0.6334
    4.7286  -217.1705  1740.2233    -0.6390    -0.4144    -0.6481     0.7679    -0.3935    -0.5055    -0.0455    -0.8206     0.5697
    4.2023  -217.5215  1739.6744    -0.6195    -0.4221    -0.6619     0.7680    -0.1516    -0.6222     0.1623    -0.8938     0.4181
    3.6816  -217.8793  1739.1086    -0.6101    -0.4200    -0.6719     0.3813     0.5876    -0.7136     0.6946    -0.6916    -0.1983
    3.1598  -218.2351  1738.5294    -0.6089    -0.4090    -0.6797    -0.1253     0.8957    -0.4267     0.7833    -0.1746    -0.5966
    2.6340  -218.5798  1737.9404    -0.6121    -0.3899    -0.6879    -0.1719     0.9148    -0.3656     0.7719    -0.1055    -0.6270
    2.1059  -218.9047  1737.3437    -0.6146    -0.3642    -0.6997    -0.0206     0.8941    -0.4473     0.7885    -0.2605    -0.5571
    1.5813  -219.2034  1736.7386    -0.6116    -0.3341    -0.7172     0.1773     0.8256    -0.5357     0.7711    -0.4548    -0.4457
    1.0681  -219.4726  1736.1223    -0.6000    -0.3022    -0.7407     0.3659     0.7197    -0.5900     0.7114    -0.6251    -0.3213
    0.5735  -219.7128  1735.4906    -0.5797    -0.2720    -0.7681     0.5192     0.6033    -0.6054     0.6280    -0.7497    -0.2085
    0.1019  -219.9284  1734.8400    -0.5532    -0.2475    -0.7954     0.6492     0.4703    -0.5978     0.5221    -0.8471    -0.0995
   -0.3465  -220.1270  1734.1687    -0.5259    -0.2320    -0.8183     0.7613     0.3006    -0.5745     0.3793    -0.9251     0.0185
   -0.7761  -220.3183  1733.4781    -0.5036    -0.2280    -0.8333     0.8635    -0.1010    -0.4942     0.0285    -0.9684     0.2477
   -1.1938  -220.5127  1732.7728    -0.4897    -0.2352    -0.8396     0.5804    -0.8065    -0.1126    -0.6506    -0.5424     0.5315
   -1.6072  -220.7190  1732.0597    -0.4846    -0.2517    -0.8377     0.0598    -0.9650     0.2553    -0.8727     0.0736     0.4827
   -2.0218  -220.9437  1731.3461    -0.4855    -0.2743    -0.8301    -0.1138    -0.9216     0.3711    -0.8668     0.2746     0.4162
   -2.4396  -221.1896  1730.6382    -0.4883    -0.2988    -0.8199    -0.0926    -0.9165     0.3891    -0.8678     0.2659     0.4198
   -2.8582  -221.4555  1729.9396    -0.4880    -0.3214    -0.8115     0.1306    -0.9462     0.2962    -0.8630     0.0386     0.5037
   -3.2718  -221.7372  1729.2498    -0.4813    -0.3385    -0.8085     0.6109    -0.7910    -0.0325    -0.6286    -0.5096     0.5876
   -3.6731  -222.0278  1728.5652    -0.4671    -0.3478    -0.8129     0.8825    -0.2400    -0.4044    -0.0545    -0.9063     0.4190
   -4.0562  -222.3199  1727.8799    -0.4467    -0.3481    -0.8242     0.8404     0.1529    -0.5200     0.3070    -0.9249     0.2243
   -4.4187  -222.6069  1727.1875    -0.4242    -0.3399    -0.8394     0.7390     0.4057    -0.5378     0.5234    -0.8484     0.0791
   -4.7632  -222.8839  1726.4834    -0.4059    -0.3258    -0.8539     0.5685     0.6416    -0.5150     0.7156    -0.6944    -0.0752
   -5.0976  -223.1490  1725.7663    -0.3976    -0.3097    -0.8637     0.1240     0.9146    -0.3850     0.9091    -0.2602    -0.3252
   -5.4330  -223.4032  1725.0386    -0.4028    -0.2959    -0.8661    -0.7383     0.6643     0.1164     0.5410     0.6863    -0.4861
   -5.7815  -223.6501  1724.3067    -0.4217    -0.2880    -0.8598    -0.9064     0.1609     0.3906     0.0259     0.9440    -0.3289
   -6.1530  -223.8950  1723.5790    -0.4507    -0.2876    -0.8451    -0.8647    -0.0948     0.4933    -0.2220     0.9531    -0.2059
   -6.5531  -224.1440  1722.8642    -0.4840    -0.2955    -0.8237    -0.7801    -0.2808     0.5591    -0.3965     0.9132    -0.0946
   -6.9812  -224.4031  1722.1695    -0.5150    -0.3108    -0.7988    -0.6679    -0.4387     0.6013    -0.5373     0.8432     0.0184
   -7.4313  -224.6770  1721.4983    -0.5382    -0.3320    -0.7747    -0.4820    -0.6327     0.6061    -0.6914     0.6996     0.1805
   -7.8936  -224.9690  1720.8501    -0.5499    -0.3570    -0.7551    -0.1709    -0.8368     0.5201    -0.8176     0.4151     0.3992
   -8.3569  -225.2803  1720.2204    -0.5492    -0.3827    -0.7429     0.2435    -0.9237     0.2958    -0.7994    -0.0184     0.6005
   -8.8119  -225.6101  1719.6019    -0.5383    -0.4059    -0.7386     0.5844    -0.8112     0.0198    -0.6072    -0.4210     0.6739
   -9.2533  -225.9558  1718.9864    -0.5214    -0.4234    -0.7408     0.7797    -0.5892    -0.2121    -0.3467    -0.6882     0.6373
   -9.6804  -226.3133  1718.3666    -0.5040    -0.4333    -0.7472     0.8619    -0.3085    -0.4025    -0.0561    -0.8468     0.5289
  -10.0969  -226.6776  1717.7373    -0.4913    -0.4347    -0.7548     0.7394     0.2499    -0.6252     0.4604    -0.8652     0.1986
  -10.5093  -227.0428  1717.0964    -0.4859    -0.4286    -0.7617     0.1401     0.8221    -0.5519     0.8627    -0.3749    -0.3395
  -10.9238  -227.4034  1716.4447    -0.4877    -0.4166    -0.7672    -0.3148     0.9036    -0.2906     0.8143     0.0997    -0.5718
  -11.3445  -227.7541  1715.7848    -0.4936    -0.4009    -0.7717    -0.3629     0.9014    -0.2361     0.7903     0.1635    -0.5905
  -11.7713  -228.0913  1715.1198    -0.4997    -0.3839    -0.7765    -0.2835     0.9195    -0.2722     0.8185     0.0841    -0.5683
  -12.2006  -228.4129  1714.4522    -0.5018    -0.3674    -0.7831     0.0643     0.8870    -0.4573     0.8626    -0.2798    -0.4215
  -12.6255  -228.7190  1713.7829    -0.4969    -0.3535    -0.7925     0.4665     0.6612    -0.5875     0.7317    -0.6617    -0.1636
  -13.0389  -229.0118  1713.1111    -0.4844    -0.3430    -0.8048     0.7084     0.3860    -0.5909     0.5133    -0.8564     0.0560
  -13.4354  -229.2947  1712.4343    -0.4659    -0.3363    -0.8184     0.8228     0.1757    -0.5406     0.3256    -0.9252     0.1949
  -13.8137  -229.5723  1711.7499    -0.4461    -0.3331    -0.8307     0.8625     0.0877    -0.4983     0.2389    -0.9388     0.2482
  -14.1772  -229.8484  1711.0559    -0.4303    -0.3318    -0.8395     0.8815     0.0460    -0.4700     0.1946    -0.9422     0.2727
  -14.5335  -230.1256  1710.3517    -0.4234    -0.3308    -0.8434     0.6385     0.5515    -0.5368     0.6427    -0.7658    -0.0223
  -14.8921  -230.4041  1709.6389    -0.4270    -0.3277    -0.8428    -0.8464     0.4728     0.2450     0.3182     0.8180    -0.4792
  -15.2617  -230.6812  1708.9204    -0.4396    -0.3204    -0.8391    -0.8333     0.4942     0.2478     0.3353     0.8081    -0.4842
  -15.6474  -230.9521  1708.1999    -0.4567    -0.3080    -0.8346    -0.7501     0.6378     0.1751     0.4784     0.7060    -0.5222
  -16.0489  -231.2106  1707.4805    -0.4726    -0.2899    -0.8322    -0.5522     0.8334     0.0233     0.6868     0.4706    -0.5539
  -16.4599  -231.4504  1706.7639    -0.4813    -0.2670    -0.8349    -0.1375     0.9637    -0.2289     0.8657     0.0046    -0.5005
  -16.8699  -231.6672  1706.0493    -0.4795    -0.2418    -0.8436     0.2496     0.8840    -0.3953     0.8413    -0.4001    -0.3635
  -17.2662  -231.8594  1705.3338    -0.4595    -0.2152    -0.8617     0.6614     0.5647    -0.4937     0.5928    -0.7968    -0.1172
  -17.7477  -232.0787  1704.3784    -0.4264    -0.1910    -0.8841     0.8007     0.3749    -0.4672     0.4207    -0.9072    -0.0069
  -17.9794  -232.1829  1703.8824    -0.4023    -0.1825    -0.8971     0.8619     0.2547    -0.4384     0.3086    -0.9496     0.0549
  -18.2908  -232.3283  1703.1384    -0.3620    -0.1752    -0.9155     0.9322    -0.0684    -0.3555    -0.0003    -0.9821     0.1881
  -18.5797  -232.4743  1702.3801    -0.3402    -0.1798    -0.9230     0.8944    -0.3651    -0.2585    -0.2906    -0.9134     0.2850
  -18.8586  -232.6279  1701.6095    -0.3321    -0.1895    -0.9240    -0.1311    -0.9608     0.2441    -0.9341     0.2023     0.2942
  -19.1419  -232.7928  1700.8311    -0.3413    -0.2006    -0.9183    -0.7864    -0.4743     0.3958    -0.5149     0.8572     0.0041
  -19.4419  -232.9675  1700.0512    -0.3633    -0.2076    -0.9083    -0.9115    -0.1226     0.3926    -0.1929     0.9705    -0.1446
  -19.7659  -233.1457  1699.2761    -0.3915    -0.2055    -0.8969    -0.9082     0.2430     0.3408     0.1479     0.9480    -0.2818
  -20.1137  -233.3169  1698.5101    -0.4178    -0.1911    -0.8882    -0.7280     0.6553     0.2015     0.5435     0.7308    -0.4129
  -20.4780  -233.4687  1697.7545    -0.4348    -0.1626    -0.8858    -0.2806     0.9591    -0.0383     0.8557     0.2319    -0.4626
  -20.8459  -233.5888  1697.0069    -0.4362    -0.1206    -0.8917     0.1513     0.9670    -0.2048     0.8870    -0.2242    -0.4036
  -21.2023  -233.6680  1696.2615    -0.4192    -0.0688    -0.9053     0.4163     0.8716    -0.2590     0.8068    -0.4854    -0.3367
  -21.5337  -233.7017  1695.5107    -0.3850    -0.0132    -0.9228     0.5833     0.7714    -0.2544     0.7152    -0.6362    -0.2893
  -21.8314  -233.6908  1694.7467    -0.3400     0.0384    -0.9396     0.6902     0.6888    -0.2216     0.6387    -0.7239    -0.2607
  -22.0934  -233.6410  1693.9637    -0.2942     0.0797    -0.9524     0.7703     0.6097    -0.1869     0.5658    -0.7886    -0.2407
  -22.3239  -233.5614  1693.1593    -0.2564     0.1073    -0.9606     0.8259     0.5406    -0.1601     0.5021    -0.8344    -0.2272
  -22.5317  -233.4623  1692.3354    -0.2318     0.1225    -0.9650     0.8642     0.4813    -0.1465     0.4465    -0.8679    -0.2175
  -22.7268  -233.3528  1691.4976    -0.2200     0.1290    -0.9669     0.8764     0.4613    -0.1379     0.4283    -0.8778    -0.2145
  -22.9169  -233.2392  1690.6539    -0.2167     0.1312    -0.9674     0.3863     0.9216     0.0384     0.8965    -0.3654    -0.2504
  -23.1048  -233.1242  1689.8129    -0.2152     0.1338    -0.9674     0.5541     0.8324    -0.0081     0.8042    -0.5378    -0.2533
  -23.2872  -233.0069  1688.9813    -0.2076     0.1399    -0.9681     0.8288     0.5509    -0.0981     0.5196    -0.8228    -0.2303
  -23.4553  -232.8846  1688.1622    -0.1876     0.1502    -0.9707     0.9073     0.4050    -0.1127     0.3762    -0.9019    -0.2123
  -23.5974  -232.7545  1687.3548    -0.1520     0.1636    -0.9747     0.9455     0.3114    -0.0951     0.2880    -0.9361    -0.2020
  -23.7025  -232.6150  1686.5543    -0.1025     0.1764    -0.9790     0.9782     0.1965    -0.0671     0.1805    -0.9645    -0.1927
  -23.7634  -232.4674  1685.7535    -0.0463     0.1839    -0.9818     0.9969     0.0708    -0.0337     0.0633    -0.9804    -0.1866
  -23.7792  -232.3155  1684.9446     0.0062     0.1836    -0.9830     0.9950    -0.0994    -0.0123    -0.1000    -0.9780    -0.1833
  -23.7563  -232.1649  1684.1220     0.0457     0.1752    -0.9835     0.9336    -0.3578    -0.0204    -0.3554    -0.9172    -0.1799
  -23.7066  -232.0210  1683.2834     0.0677     0.1621    -0.9844     0.6608    -0.7466    -0.0775    -0.7475    -0.6453    -0.1577
  -23.6449  -231.8866  1682.4315     0.0723     0.1493    -0.9861    -0.2933    -0.9418    -0.1641    -0.9533     0.3011    -0.0243
  -23.5850  -231.7603  1681.5731     0.0638     0.1428    -0.9877    -0.9896    -0.1189    -0.0811    -0.1291     0.9826     0.1337
  -23.5359  -231.6353  1680.7182     0.0493     0.1486    -0.9877    -0.7653     0.6410     0.0582     0.6418     0.7530     0.1453
  -23.4996  -231.5003  1679.8777     0.0370     0.1717    -0.9845    -0.2547     0.9542     0.1568     0.9663     0.2449     0.0791
  -23.4702  -231.3405  1679.0614     0.0362     0.2162    -0.9757     0.1216     0.9681     0.2191     0.9919    -0.1266     0.0088
  -23.4359  -231.1410  1678.2757     0.0509     0.2775    -0.9594     0.3032     0.9110     0.2796     0.9516    -0.3051    -0.0378
  -23.3813  -230.8898  1677.5228     0.0930     0.3585    -0.9289     0.5120     0.7829     0.3534     0.8539    -0.5085    -0.1107
  -23.2461  -230.4574  1676.5657     0.1526     0.4411    -0.8844     0.6093     0.6626     0.4356     0.7782    -0.6053    -0.1677
  -23.1561  -230.2141  1676.1020     0.1903     0.4775    -0.8578     0.6565     0.5878     0.4728     0.7299    -0.6531    -0.2016
  -22.9704  -229.7987  1675.4204     0.2555     0.5262    -0.8111     0.7982     0.3586     0.4841     0.5456    -0.7711    -0.3283
  -22.7371  -229.3486  1674.7479     0.2980     0.5411    -0.7864     0.8528     0.2193     0.4740     0.4289    -0.8119    -0.3961
  -22.4645  -228.8805  1674.0790     0.3331     0.5438    -0.7703     0.9427    -0.1749     0.2842     0.0198    -0.8208    -0.5709
  -22.1635  -228.4107  1673.4116     0.3575     0.5352    -0.7654     0.8612    -0.5059     0.0485    -0.3612    -0.6765    -0.6418
  -21.8452  -227.9513  1672.7471     0.3747     0.5227    -0.7657     0.7386    -0.6676    -0.0943    -0.5604    -0.5302    -0.6362
  -21.5176  -227.5076  1672.0897     0.3887     0.5121    -0.7659     0.8523    -0.5157     0.0877    -0.3501    -0.6869    -0.6369
  -21.1839  -227.0778  1671.4457     0.4033     0.5091    -0.7603     0.8451     0.1113     0.5228     0.3508    -0.8535    -0.3854
  -20.8429  -226.6534  1670.8216     0.4207     0.5180    -0.7447     0.5828     0.4748     0.6595     0.6952    -0.7115    -0.1021
  -20.4904  -226.2214  1670.2225     0.4411     0.5397    -0.7171     0.4400     0.5664     0.6969     0.7822    -0.6229     0.0124
  -20.1215  -225.7680  1669.6518     0.4617     0.5716    -0.6783     0.3267     0.6014     0.7291     0.8247    -0.5582     0.0909
  -19.7333  -225.2811  1669.1106     0.4782     0.6088    -0.6330     0.2152     0.6175     0.7565     0.8515    -0.4980     0.1642
  -19.3269  -224.7534  1668.5981     0.4874     0.6464    -0.5871     0.0865     0.6333     0.7691     0.8689    -0.4256     0.2527
  -18.9078  -224.1835  1668.1128     0.4881     0.6814    -0.5453    -0.0689     0.6529     0.7543     0.8701    -0.3306     0.3657
  -18.4849  -223.5753  1667.6532     0.4807     0.7131    -0.5103    -0.2518     0.6697     0.6986     0.8399    -0.2073     0.5015
  -18.0687  -222.9371  1667.2184     0.4674     0.7413    -0.4817    -0.3828     0.6609     0.6455     0.7969    -0.1173     0.5926
  -17.6678  -222.2788  1666.8088     0.4508     0.7666    -0.4573    -0.4698     0.6393     0.6088     0.7590    -0.0596     0.6483
  -17.2873  -221.6096  1666.4254     0.4344     0.7891    -0.4342    -0.4323     0.6056     0.6681     0.7902    -0.1026     0.6042
  -16.9266  -220.9359  1666.0694     0.4221     0.8086    -0.4099    -0.2981     0.5508     0.7796     0.8561    -0.2069     0.4735
  -16.5803  -220.2602  1665.7411     0.4165     0.8244    -0.3833    -0.0513     0.4423     0.8954     0.9077    -0.3533     0.2265
  -16.2395  -219.5816  1665.4393     0.4190     0.8357    -0.3551     0.2131     0.2897     0.9331     0.8827    -0.4666    -0.0567
  -15.8943  -218.8964  1665.1607     0.4275     0.8424    -0.3280     0.3722     0.1666     0.9131     0.8239    -0.5124    -0.2423
  -15.5376  -218.2004  1664.9003     0.4379     0.8458    -0.3048     0.4525     0.0856     0.8877     0.7768    -0.5266    -0.3452
  -15.1665  -217.4902  1664.6523     0.4461     0.8475    -0.2878     0.3910     0.1047     0.9144     0.8051    -0.5204    -0.2847
  -14.7837  -216.7649  1664.4112     0.4484     0.8497    -0.2774    -0.1290     0.3686     0.9206     0.8845    -0.3770     0.2749
  -14.3963  -216.0262  1664.1733     0.4435     0.8540    -0.2718    -0.7879     0.5161     0.3360     0.4272     0.0651     0.9018
  -14.0139  -215.2782  1663.9377     0.4321     0.8609    -0.2684    -0.8519     0.4874     0.1919     0.2960     0.1457     0.9440
  -13.6448  -214.5262  1663.7064     0.4168     0.8700    -0.2633    -0.8051     0.4878     0.3374     0.4220     0.0714     0.9038
  -13.2936  -213.7753  1663.4846     0.4024     0.8800    -0.2522    -0.5622     0.4550     0.6906     0.7225    -0.1361     0.6778
  -12.9583  -213.0295  1663.2797     0.3946     0.8890    -0.2322    -0.1241     0.3020     0.9452     0.9104    -0.3442     0.2295
  -12.6308  -212.2906  1663.0993     0.3988     0.8947    -0.2014     0.2965     0.0821     0.9515     0.8678    -0.4392    -0.2325
  -12.2978  -211.5583  1662.9506     0.4178     0.8942    -0.1606     0.5042    -0.0811     0.8598     0.7558    -0.4402    -0.4847
  -11.9444  -210.8312  1662.8385     0.4500     0.8858    -0.1133     0.5944    -0.2024     0.7783     0.6665    -0.4176    -0.6176
  -11.5576  -210.1078  1662.7655     0.4897     0.8695    -0.0642     0.6204    -0.2957     0.7264     0.6126    -0.3956    -0.6843
  -11.1299  -209.3874  1662.7315     0.5296     0.8480    -0.0178     0.6101    -0.3663     0.7026     0.5893    -0.3830    -0.7114
  -10.6612  -208.6710  1662.7346     0.5636     0.8257     0.0241     0.5502    -0.3969     0.7347     0.6162    -0.4008    -0.6780
  -10.1596  -207.9613  1662.7722     0.5878     0.8067     0.0617     0.4326    -0.3778     0.8186     0.6836    -0.4544    -0.5711
   -9.6389  -207.2619  1662.8419     0.6007     0.7935     0.0977     0.1843    -0.2564     0.9488     0.7779    -0.5520    -0.3003
   -9.1156  -206.5759  1662.9429     0.6021     0.7869     0.1353    -0.1069    -0.0884     0.9903     0.7912    -0.6108     0.0309
   -8.6048  -205.9050  1663.0754     0.5929     0.7858     0.1760    -0.3139     0.0242     0.9492     0.7416    -0.6180     0.2610
   -8.1167  -205.2483  1663.2405     0.5752     0.7879     0.2201    -0.4261     0.0588     0.9028     0.6983    -0.6130     0.3695
   -7.6548  -204.6020  1663.4391     0.5524     0.7904     0.2647    -0.4803     0.0423     0.8761     0.6813    -0.6111     0.4030
   -7.2155  -203.9599  1663.6708     0.5305     0.7909     0.3049    -0.4734    -0.0218     0.8806     0.7031    -0.6115     0.3629
   -6.7898  -203.3153  1663.9328     0.5144     0.7892     0.3354    -0.4508    -0.0839     0.8887     0.7295    -0.6083     0.3126
   -6.3671  -202.6619  1664.2195     0.5066     0.7863     0.3538    -0.2333    -0.2700     0.9342     0.8300    -0.5558     0.0467
   -5.9380  -201.9966  1664.5232     0.5066     0.7831     0.3608     0.6572    -0.6216     0.4263     0.5581     0.0212    -0.8295
   -5.4978  -201.3199  1664.8355     0.5110     0.7807     0.3597     0.7849    -0.2532    -0.5655    -0.3504     0.5713    -0.7421
   -5.0475  -200.6364  1665.1489     0.5163     0.7791     0.3554     0.7247    -0.1764    -0.6661    -0.4563     0.6015    -0.6557
   -4.5933  -199.9539  1665.4592     0.5194     0.7781     0.3533     0.8050    -0.5842     0.1031     0.2866     0.2309    -0.9298
   -4.1444  -199.2817  1665.7667     0.5177     0.7762     0.3600    -0.3413    -0.1985     0.9188     0.7846    -0.5985     0.1621
   -3.7104  -198.6285  1666.0773     0.5106     0.7722     0.3783    -0.3629    -0.2054     0.9089     0.7795    -0.6013     0.1754
   -3.2975  -197.9999  1666.4015     0.4958     0.7606     0.4191    -0.3205    -0.2883     0.9023     0.8071    -0.5817     0.1008
   -2.8322  -197.2801  1666.8328     0.4756     0.7404     0.4750    -0.3112    -0.3634     0.8781     0.8228    -0.5654     0.0576
   -2.5376  -196.8201  1667.1448     0.4593     0.7193     0.5212    -0.3066    -0.4223     0.8530     0.8337    -0.5516     0.0266
   -2.1813  -196.2608  1667.5883     0.4352     0.6839     0.5855    -0.3108    -0.4962     0.8107     0.8450    -0.5348    -0.0034
   -1.8324  -195.7126  1668.0883     0.4157     0.6533     0.6327    -0.3436    -0.5313     0.7744     0.8421    -0.5394     0.0036
   -1.4876  -195.1692  1668.6430     0.3959     0.6275     0.6704    -0.4708    -0.4880     0.7349     0.7884    -0.6066     0.1022
   -1.1495  -194.6265  1669.2434     0.3745     0.6114     0.6971    -0.6734    -0.3374     0.6578     0.6374    -0.7157     0.2853
   -0.8263  -194.0842  1669.8753     0.3479     0.6042     0.7168    -0.8680    -0.0813     0.4899     0.3543    -0.7926     0.4962
   -0.5308  -193.5456  1670.5221     0.3129     0.6041     0.7329    -0.9347     0.0587     0.3507     0.1688    -0.7947     0.5830
   -0.2761  -193.0162  1671.1690     0.2682     0.6078     0.7475    -0.9582     0.0877     0.2725     0.1000    -0.7893     0.6059
   -0.0710  -192.5017  1671.8058     0.2168     0.6109     0.7615    -0.9673     0.0291     0.2521     0.1318    -0.7912     0.5972
    0.0849  -192.0058  1672.4299     0.1682     0.6089     0.7752    -0.9486    -0.1139     0.2953     0.2681    -0.7850     0.5585
    0.2036  -191.5289  1673.0464     0.1370     0.5994     0.7886    -0.6966    -0.5077     0.5069     0.7042    -0.6189     0.3480
    0.3084  -191.0671  1673.6670     0.1380     0.5827     0.8009     0.6673    -0.6523     0.3596     0.7319     0.4848    -0.4788
    0.4307  -190.6136  1674.3056     0.1765     0.5608     0.8089     0.9177    -0.3908     0.0707     0.3558     0.7299    -0.5836
    0.6032  -190.1607  1674.9744     0.2441     0.5355     0.8085     0.9448    -0.3193    -0.0738     0.2186     0.7818    -0.5839
    0.8522  -189.7032  1675.6785     0.3236     0.5093     0.7974     0.9353    -0.2997    -0.1882     0.1431     0.8067    -0.5734
    1.1893  -189.2412  1676.4116     0.3990     0.4848     0.7783     0.9119    -0.2992    -0.2810     0.0967     0.8218    -0.5615
    1.6073  -188.7824  1677.1543     0.4618     0.4639     0.7560     0.8853    -0.2935    -0.3607     0.0546     0.8358    -0.5463
    2.0777  -188.3424  1677.8742     0.5100     0.4475     0.7346     0.8595    -0.2988    -0.4147     0.0339     0.8429    -0.5370
    2.5548  -187.9439  1678.5295     0.5449     0.4353     0.7166     0.8384    -0.2914    -0.4606     0.0084     0.8518    -0.5238
    2.9829  -187.6129  1679.0745     0.5692     0.4268     0.7028     0.8222    -0.2881    -0.4909    -0.0071     0.8572    -0.5149
    3.3933  -187.3127  1679.5685     0.5881     0.4203     0.6911     0.8084    -0.2780    -0.5189    -0.0260     0.8638    -0.5032

