Legend
======
Order:       curve order
Px,Py,Pz:    coordinates of point P on the centerline
Tx,Ty,Tz:    coordinates of the direction of the Tangent vector to point P
Nx,Ny,Nz:    coordinates of the direction of the Normal vector to point P
BNx,BNy,BNz: coordinates of the direction of the Binormal vector to point P
Dfit:        diameter of the best fit circle in point P
Dmin:        diameter of the inscribing circle in point P
Dmax:        diameter of the subscribing circle in point P
C:           curvature in point P
Dh:          hydraulic diameter in point P
Xh:          hydraulic ratio in point P
Scf:         distance of circumference in point P
Area:        sectional area in point P
E:           ellipticity in point P


Order: Cubic

[Main Branch Set] Branch Segment 1:


        Px         Py         Pz         Tx         Ty         Tz         Nx         Ny         Nz        BNx        BNy        BNz
   12.9391  -202.4672  1953.5092    -0.3535    -0.9282     0.1162     0.8985    -0.3715    -0.2340     0.2603     0.0217     0.9653
   12.8868  -202.6098  1953.5266    -0.3295    -0.9375     0.1117     0.9314    -0.3422    -0.1244     0.1549     0.0630     0.9859
   12.8358  -202.7632  1953.5445    -0.2963    -0.9489     0.1087     0.9504    -0.3042    -0.0645     0.0943     0.0842     0.9920
   12.7988  -202.8887  1953.5586    -0.2658    -0.9583     0.1050     0.9463    -0.2802    -0.1615     0.1842     0.0565     0.9813
   12.7628  -203.0288  1953.5735    -0.2282    -0.9684     0.1003     0.9685    -0.2363    -0.0780     0.0993     0.0794     0.9919
   12.7307  -203.1807  1953.5888    -0.1829    -0.9785     0.0952     0.9701    -0.1954    -0.1442     0.1597     0.0660     0.9850
   12.7051  -203.3415  1953.6038    -0.1280    -0.9878     0.0884     0.9854    -0.1367    -0.1014     0.1123     0.0741     0.9909
   12.6891  -203.5082  1953.6180    -0.0613    -0.9949     0.0799     0.9860    -0.0728    -0.1502     0.1553     0.0695     0.9854
   12.6851  -203.6776  1953.6307     0.0167    -0.9974     0.0698     0.9941     0.0091    -0.1078     0.1069     0.0712     0.9917
   12.6956  -203.8465  1953.6416     0.1096    -0.9923     0.0577     0.9839     0.1001    -0.1481     0.1411     0.0730     0.9873
   12.7227  -204.0117  1953.6500     0.2160    -0.9755     0.0424     0.9687     0.2086    -0.1348     0.1227     0.0701     0.9900
   12.7680  -204.1703  1953.6556     0.3351    -0.9419     0.0248     0.9333     0.3282    -0.1454     0.1288     0.0719     0.9891
   12.8327  -204.3192  1953.6580     0.4622    -0.8868     0.0044     0.8777     0.4568    -0.1446     0.1262     0.0707     0.9895
   12.9174  -204.4559  1953.6570     0.5898    -0.8074    -0.0169     0.7986     0.5863    -0.1357     0.1195     0.0666     0.9906
   13.0222  -204.5779  1953.6525     0.7092    -0.7040    -0.0393     0.6931     0.7063    -0.1440     0.1291     0.0749     0.9888
   13.1468  -204.6832  1953.6443     0.8109    -0.5821    -0.0600     0.5738     0.8110    -0.1137     0.1149     0.0578     0.9917
   13.2902  -204.7701  1953.6327     0.8892    -0.4509    -0.0776     0.4412     0.8899    -0.1155     0.1212     0.0684     0.9903
   13.4509  -204.8373  1953.6177     0.9434    -0.3185    -0.0931     0.3097     0.9458    -0.0976     0.1191     0.0633     0.9909
   13.6272  -204.8838  1953.5995     0.9760    -0.1911    -0.1047     0.1835     0.9799    -0.0783     0.1176     0.0572     0.9914
   13.8168  -204.9092  1953.5785     0.9907    -0.0765    -0.1127     0.0702     0.9958    -0.0590     0.1168     0.0505     0.9919
   14.0173  -204.9134  1953.5551     0.9922     0.0369    -0.1188    -0.0429     0.9979    -0.0477     0.1168     0.0524     0.9918
   14.1847  -204.9002  1953.5347     0.9863     0.1117    -0.1218    -0.1158     0.9929    -0.0273     0.1179     0.0410     0.9922
   14.4404  -204.8603  1953.5027     0.9715     0.2020    -0.1236    -0.2055     0.9785    -0.0155     0.1178     0.0404     0.9922
   14.6575  -204.8050  1953.4747     0.9513     0.2823    -0.1240    -0.2835     0.9589     0.0089     0.1214     0.0267     0.9922
   14.8749  -204.7323  1953.4462     0.9301     0.3464    -0.1224    -0.3442     0.9381     0.0396     0.1285     0.0053     0.9917
   15.0901  -204.6441  1953.4178     0.9065     0.4047    -0.1202    -0.4043     0.9142     0.0285     0.1214     0.0228     0.9923
   15.3010  -204.5426  1953.3898     0.8825     0.4555    -0.1168    -0.4467     0.8897     0.0949     0.1471    -0.0316     0.9886
   15.5059  -204.4300  1953.3629     0.8587     0.5001    -0.1119    -0.4914     0.8655     0.0971     0.1454    -0.0284     0.9890
   15.7035  -204.3088  1953.3374     0.8358     0.5386    -0.1065    -0.5230     0.8401     0.1439     0.1670    -0.0646     0.9838
   15.8927  -204.1815  1953.3137     0.8151     0.5706    -0.1002    -0.5479     0.8154     0.1867     0.1883    -0.0973     0.9773
   16.0732  -204.0508  1953.2921     0.7975     0.5962    -0.0922    -0.5441     0.7769     0.3169     0.2606    -0.2026     0.9440
   16.2448  -203.9192  1953.2731     0.7843     0.6148    -0.0828    -0.5135     0.7183     0.4695     0.3481    -0.3257     0.8790
   16.4080  -203.7893  1953.2568     0.7764     0.6260    -0.0726    -0.3779     0.5547     0.7413     0.5044    -0.5481     0.6672
   16.5636  -203.6632  1953.2434     0.7754     0.6285    -0.0604     0.2467    -0.2135     0.9453     0.5813    -0.7479    -0.3206
   16.7128  -203.5433  1953.2331     0.7825     0.6209    -0.0469     0.4943    -0.5736     0.6532     0.3787    -0.5343    -0.7557
   16.8569  -203.4314  1953.2259     0.7975     0.6026    -0.0313     0.5389    -0.6879     0.4862     0.2715    -0.4046    -0.8733
   16.9976  -203.3291  1953.2220     0.8213     0.5704    -0.0131     0.5352    -0.7624     0.3637     0.1975    -0.3057    -0.9314
   17.1367  -203.2379  1953.2214     0.8521     0.5234     0.0061     0.4989    -0.8157     0.2928     0.1582    -0.2464    -0.9562
   17.2760  -203.1587  1953.2240     0.8865     0.4620     0.0269     0.4376    -0.8557     0.2762     0.1506    -0.2331    -0.9607
   17.4172  -203.0922  1953.2299     0.9208     0.3870     0.0484     0.3667    -0.9014     0.2302     0.1327    -0.1942    -0.9719
   17.5622  -203.0387  1953.2390     0.9505     0.3030     0.0691     0.2816    -0.9338     0.2208     0.1314    -0.1904    -0.9729
   17.7124  -202.9982  1953.2513     0.9724     0.2162     0.0879     0.1966    -0.9618     0.1903     0.1257    -0.1678    -0.9778
   17.8691  -202.9704  1953.2667     0.9856     0.1332     0.1043     0.1112    -0.9746     0.1944     0.1276    -0.1800    -0.9754
   18.0332  -202.9546  1953.2852     0.9913     0.0595     0.1178     0.0402    -0.9864     0.1595     0.1257    -0.1534    -0.9801
   18.2055  -202.9499  1953.3066     0.9917    -0.0027     0.1284    -0.0263    -0.9829     0.1824     0.1257    -0.1843    -0.9748
   18.3862  -202.9551  1953.3309     0.9892    -0.0516     0.1375    -0.0767    -0.9799     0.1839     0.1253    -0.1925    -0.9733
   18.5753  -202.9687  1953.3580     0.9854    -0.0884     0.1454    -0.1226    -0.9614     0.2464     0.1181    -0.2607    -0.9582
   18.7724  -202.9892  1953.3879     0.9817    -0.1140     0.1526    -0.1552    -0.9432     0.2936     0.1104    -0.3119    -0.9437
   18.9768  -203.0148  1953.4204     0.9786    -0.1303     0.1593    -0.1935    -0.8457     0.4973     0.0700    -0.5175    -0.8528
   19.1875  -203.0439  1953.4555     0.9764    -0.1380     0.1660    -0.2073    -0.3851     0.8993    -0.0601    -0.9125    -0.4046
   19.4033  -203.0745  1953.4929     0.9753    -0.1380     0.1726    -0.1251     0.2989     0.9460    -0.1821    -0.9442     0.2743
   19.6228  -203.1050  1953.5326     0.9748    -0.1316     0.1801     0.0002     0.8080     0.5891    -0.2231    -0.5743     0.7877
   19.8443  -203.1335  1953.5744     0.9750    -0.1183     0.1879     0.0251     0.8995     0.4363    -0.2206    -0.4207     0.8800
   20.0665  -203.1584  1953.6181     0.9756    -0.0993     0.1958     0.0260     0.9378     0.3462    -0.2180    -0.3327     0.9175
   20.2876  -203.1782  1953.6634     0.9761    -0.0743     0.2042     0.0107     0.9550     0.2964    -0.2171    -0.2871     0.9330
   20.5061  -203.1916  1953.7101     0.9760    -0.0449     0.2131    -0.0176     0.9591     0.2826    -0.2171    -0.2796     0.9353
   20.7207  -203.1974  1953.7580     0.9749    -0.0046     0.2225    -0.0385     0.9812     0.1891    -0.2192    -0.1929     0.9564
   20.9774  -203.1919  1953.8180     0.9719     0.0411     0.2318    -0.0894     0.9752     0.2022    -0.2178    -0.2173     0.9515
   21.1337  -203.1827  1953.8558     0.9682     0.0771     0.2378    -0.1127     0.9838     0.1397    -0.2232    -0.1620     0.9612
   21.3304  -203.1609  1953.9051     0.9602     0.1345     0.2450    -0.1644     0.9807     0.1060    -0.2260    -0.1421     0.9637
   21.5200  -203.1290  1953.9542     0.9498     0.1885     0.2495    -0.2096     0.9759     0.0605    -0.2321    -0.1098     0.9665
   21.7023  -203.0870  1954.0027     0.9358     0.2464     0.2519    -0.2599     0.9654     0.0213    -0.2380    -0.0854     0.9675
   21.8774  -203.0350  1954.0503     0.9185     0.3048     0.2519    -0.3091     0.9507    -0.0232    -0.2465    -0.0566     0.9675
   22.0458  -202.9732  1954.0967     0.8986     0.3618     0.2481    -0.3474     0.9322    -0.1013    -0.2680     0.0049     0.9634
   22.2081  -202.9021  1954.1414     0.8771     0.4159     0.2405    -0.3870     0.9082    -0.1593    -0.2847     0.0467     0.9575
   22.3651  -202.8222  1954.1841     0.8553     0.4642     0.2303    -0.4186     0.8809    -0.2208    -0.3054     0.0924     0.9477
   22.5179  -202.7344  1954.2246     0.8348     0.5061     0.2168    -0.4224     0.8412    -0.3376    -0.3532     0.1903     0.9160
   22.6676  -202.6392  1954.2625     0.8160     0.5419     0.2012    -0.4432     0.8099    -0.3842    -0.3712     0.2243     0.9011
   22.8151  -202.5376  1954.2977     0.8009     0.5700     0.1836    -0.3735     0.7152    -0.5907    -0.4680     0.4045     0.7857
   22.9618  -202.4303  1954.3298     0.7891     0.5918     0.1646    -0.3804     0.6812    -0.6255    -0.4824     0.4310     0.7626
   23.1085  -202.3181  1954.3588     0.7813     0.6070     0.1450    -0.1843     0.4464    -0.8756    -0.5963     0.6574     0.4607
   23.2564  -202.2019  1954.3844     0.7770     0.6169     0.1254    -0.2073     0.4389    -0.8743    -0.5944     0.6533     0.4689
   23.4060  -202.0823  1954.4065     0.7758     0.6227     0.1020     0.0460     0.1055    -0.9934    -0.6293     0.7754     0.0532
   23.5158  -201.9941  1954.4198     0.7764     0.6241     0.0878     0.0373     0.0935    -0.9949    -0.6291     0.7757     0.0493
   23.7129  -201.8358  1954.4398     0.7789     0.6237     0.0659     0.1389    -0.0690    -0.9879    -0.6116     0.7786    -0.1403
   23.8707  -201.7099  1954.4508     0.7820     0.6217     0.0443     0.1494    -0.1179    -0.9817    -0.6051     0.7743    -0.1851
   24.0312  -201.5828  1954.4580     0.7851     0.6189     0.0254     0.1689    -0.1744    -0.9701    -0.5959     0.7659    -0.2414
   24.1943  -201.4548  1954.4612     0.7877     0.6160     0.0058     0.0863    -0.1010    -0.9911    -0.6100     0.7812    -0.1328
   24.3592  -201.3262  1954.4604     0.7894     0.6137    -0.0137     0.0853    -0.1317    -0.9876    -0.6079     0.7785    -0.1563
   24.5254  -201.1972  1954.4554     0.7895     0.6128    -0.0339    -0.0716     0.0372    -0.9967    -0.6095     0.7894     0.0733
   24.6919  -201.0677  1954.4461     0.7874     0.6141    -0.0543    -0.1381     0.0899    -0.9863    -0.6008     0.7841     0.1555
   24.8576  -200.9379  1954.4324     0.7833     0.6169    -0.0760    -0.2203     0.1613    -0.9620    -0.5813     0.7703     0.2622
   25.0216  -200.8077  1954.4140     0.7764     0.6223    -0.0994    -0.3269     0.2629    -0.9078    -0.5388     0.7373     0.4075
   25.1827  -200.6770  1954.3907     0.7666     0.6301    -0.1241    -0.3804     0.2897    -0.8783    -0.5174     0.7205     0.4617
   25.3399  -200.5458  1954.3623     0.7536     0.6397    -0.1512    -0.4383     0.3177    -0.8408    -0.4898     0.6999     0.5198
   25.4921  -200.4141  1954.3285     0.7372     0.6511    -0.1803    -0.4872     0.3275    -0.8095    -0.4681     0.6847     0.5587
   25.6385  -200.2818  1954.2891     0.7170     0.6641    -0.2119    -0.5323     0.3254    -0.7815    -0.4501     0.6731     0.5868
   25.7782  -200.1489  1954.2438     0.6930     0.6777    -0.2459    -0.5632     0.2960    -0.7715    -0.4501     0.6731     0.5868
   25.9108  -200.0154  1954.1923     0.6656     0.6907    -0.2828    -0.5849     0.2473    -0.7725    -0.4636     0.6796     0.5686
   26.0359  -199.8814  1954.1342     0.6348     0.7026    -0.3213    -0.6262     0.2244    -0.7467    -0.4525     0.6752     0.5825
   26.1533  -199.7470  1954.0695     0.6014     0.7128    -0.3608    -0.6424     0.1630    -0.7488    -0.4750     0.6821     0.5559
   26.2631  -199.6123  1953.9978     0.5666     0.7192    -0.4022    -0.6352     0.0703    -0.7692    -0.5249     0.6913     0.4966
   26.3656  -199.4777  1953.9189     0.5311     0.7225    -0.4426    -0.6818     0.0544    -0.7295    -0.5030     0.6892     0.5215
   26.4611  -199.3432  1953.8329     0.4958     0.7222    -0.4822    -0.6447    -0.0658    -0.7616    -0.5818     0.6885     0.4330
   26.5503  -199.2092  1953.7395     0.4632     0.7171    -0.5208    -0.6378    -0.1382    -0.7577    -0.6153     0.6831     0.3933
   26.6340  -199.0761  1953.6389     0.4341     0.7082    -0.5568    -0.5916    -0.2421    -0.7691    -0.6794     0.6633     0.3138
   26.7131  -198.9442  1953.5311     0.4088     0.6960    -0.5903    -0.5629    -0.3169    -0.7634    -0.7184     0.6444     0.2622
   26.7885  -198.8137  1953.4163     0.3879     0.6809    -0.6212    -0.4698    -0.4338    -0.7688    -0.7930     0.5901     0.1516
   26.8611  -198.6851  1953.2947     0.3719     0.6634    -0.6493    -0.3931    -0.5211    -0.7576    -0.8409     0.5370     0.0670
   26.9319  -198.5586  1953.1667     0.3611     0.6444    -0.6741    -0.2509    -0.6291    -0.7358    -0.8981     0.4348    -0.0655
   27.0018  -198.4346  1953.0327     0.3544     0.6243    -0.6962    -0.1850    -0.6830    -0.7066    -0.9166     0.3792    -0.1265
   27.0715  -198.3132  1952.8931     0.3516     0.6036    -0.7156    -0.0079    -0.7624    -0.6470    -0.9361     0.2331    -0.2633
   27.1418  -198.1947  1952.7484     0.3525     0.5826    -0.7323     0.0787    -0.7982    -0.5972    -0.9325     0.1529    -0.3272
   27.2132  -198.0792  1952.5992     0.3558     0.5626    -0.7463     0.1959    -0.8257    -0.5290    -0.9138     0.0420    -0.4040
   27.2861  -197.9667  1952.4461     0.3608     0.5432    -0.7581     0.2334    -0.8396    -0.4905    -0.9030    -0.0000    -0.4297
   27.3606  -197.8573  1952.2897     0.3666     0.5251    -0.7681     0.3129    -0.8470    -0.4297    -0.8762    -0.0828    -0.4748
   27.4368  -197.7508  1952.1306     0.3730     0.5089    -0.7758     0.3679    -0.8487    -0.3799    -0.8518    -0.1437    -0.5038
   27.5145  -197.6471  1951.9695     0.3781     0.4944    -0.7827     0.2281    -0.8691    -0.4389    -0.8972    -0.0126    -0.4414
   27.5933  -197.5460  1951.8067     0.3828     0.4818    -0.7883     0.4269    -0.8489    -0.3115    -0.8193    -0.2173    -0.5307
   27.6730  -197.4473  1951.6430     0.3859     0.4720    -0.7926     0.0416    -0.8673    -0.4961    -0.9216     0.1585    -0.3544
   27.7528  -197.3505  1951.4787     0.3861     0.4648    -0.7968    -0.0174    -0.8599    -0.5101    -0.9223     0.2108    -0.3239
   27.8322  -197.2553  1951.3142     0.3844     0.4601    -0.8004    -0.5734    -0.5605    -0.5976    -0.7235     0.6886     0.0484
   27.9105  -197.1613  1951.1499     0.3795     0.4580    -0.8038    -0.8666    -0.1282    -0.4822    -0.3239     0.8796     0.3483
   27.9869  -197.0682  1950.9861     0.3715     0.4581    -0.8075    -0.9253     0.1107    -0.3628    -0.0768     0.8820     0.4650
   28.0608  -196.9755  1950.8228     0.3605     0.4613    -0.8107    -0.9091     0.3682    -0.1947     0.2087     0.8073     0.5521
   28.1316  -196.8827  1950.6603     0.3468     0.4664    -0.8137    -0.9212     0.3325    -0.2021     0.1763     0.8197     0.5450
   28.1988  -196.7895  1950.4985     0.3296     0.4734    -0.8169    -0.9099     0.3900    -0.1412     0.2518     0.7898     0.5593
   28.2618  -196.6955  1950.3374     0.3106     0.4815    -0.8196    -0.9129     0.3914    -0.1160     0.2649     0.7842     0.5611
   28.3206  -196.6005  1950.1769     0.2899     0.4905    -0.8218    -0.9136     0.3977    -0.0849     0.2852     0.7754     0.5634
   28.3748  -196.5041  1950.0168     0.2674     0.5003    -0.8236    -0.9154     0.3988    -0.0549     0.3010     0.7686     0.5646
   28.4245  -196.4062  1949.8570     0.2453     0.5095    -0.8248    -0.9283     0.3687    -0.0483     0.2795     0.7775     0.5634
   28.4699  -196.3067  1949.6973     0.2242     0.5188    -0.8250    -0.8965     0.4418     0.0342     0.3822     0.7319     0.5641
   28.5114  -196.2053  1949.5375     0.2042     0.5275    -0.8247    -0.9352     0.3540    -0.0051     0.2893     0.7723     0.5656
   28.5493  -196.1022  1949.3774     0.1873     0.5342    -0.8244    -0.9195     0.3906     0.0442     0.3456     0.7497     0.5643
   28.5845  -195.9975  1949.2168     0.1739     0.5402    -0.8234    -0.9015     0.4239     0.0877     0.3964     0.7270     0.5607
   28.6175  -195.8911  1949.0555     0.1638     0.5449    -0.8224    -0.9064     0.4122     0.0925     0.3894     0.7302     0.5614
   28.6492  -195.7834  1948.8935     0.1583     0.5480    -0.8214    -0.7662     0.5929     0.2478     0.6228     0.5901     0.5137
   28.6804  -195.6745  1948.7307     0.1572     0.5497    -0.8204     0.9222     0.2155     0.3212     0.3534    -0.8071    -0.4731
   28.7121  -195.5648  1948.5671     0.1613     0.5499    -0.8195     0.9828    -0.0138     0.1842     0.0899    -0.8351    -0.5427
   28.7452  -195.4545  1948.4028     0.1691     0.5495    -0.8182     0.9854    -0.0774     0.1516     0.0200    -0.8319    -0.5546
   28.7804  -195.3439  1948.2380     0.1812     0.5474    -0.8170     0.9731    -0.2201     0.0683    -0.1424    -0.8074    -0.5726
   28.8187  -195.2334  1948.0727     0.1976     0.5439    -0.8155     0.9746    -0.1985     0.1037    -0.1055    -0.8153    -0.5693
   28.8608  -195.1233  1947.9072     0.2176     0.5395    -0.8134     0.9674    -0.2297     0.1064    -0.1295    -0.8100    -0.5719
   28.9074  -195.0140  1947.7419     0.2404     0.5343    -0.8104     0.9665    -0.2090     0.1490    -0.0897    -0.8190    -0.5667
   28.9589  -194.9057  1947.5771     0.2654     0.5279    -0.8067     0.9517    -0.2775     0.1315    -0.1545    -0.8027    -0.5761
   29.0158  -194.7988  1947.4130     0.2927     0.5204    -0.8021     0.9510    -0.2455     0.1878    -0.0992    -0.8179    -0.5668
   29.0784  -194.6935  1947.2501     0.3219     0.5125    -0.7961     0.9408    -0.2673     0.2083    -0.1061    -0.8160    -0.5683
   29.1470  -194.5900  1947.0887     0.3517     0.5039    -0.7889     0.9313    -0.2739     0.2402    -0.0950    -0.8192    -0.5656
   29.2215  -194.4885  1946.9292     0.3817     0.4949    -0.7806     0.9202    -0.2830     0.2705    -0.0870    -0.8216    -0.5634
   29.3020  -194.3891  1946.7719     0.4124     0.4857    -0.7707     0.9096    -0.2664     0.3188    -0.0505    -0.8325    -0.5517
   29.3884  -194.2919  1946.6172     0.4423     0.4759    -0.7602     0.8918    -0.3232     0.3166    -0.0950    -0.8180    -0.5674
   29.4804  -194.1971  1946.4653     0.4717     0.4662    -0.7484     0.8816    -0.2635     0.3915    -0.0147    -0.8445    -0.5353
   29.5779  -194.1045  1946.3165     0.5002     0.4571    -0.7354     0.8654    -0.2934     0.4063    -0.0301    -0.8396    -0.5423
   29.6805  -194.0142  1946.1710     0.5276     0.4474    -0.7221     0.8487    -0.3137     0.4257    -0.0361    -0.8375    -0.5453
   29.7880  -193.9262  1946.0288     0.5535     0.4381    -0.7083     0.8329    -0.2907     0.4710     0.0004    -0.8506    -0.5258
   29.9000  -193.8403  1945.8900     0.5780     0.4298    -0.6936     0.8151    -0.2647     0.5153     0.0379    -0.8632    -0.5034
   30.0163  -193.7564  1945.7548     0.6020     0.4214    -0.6783     0.7985    -0.3068     0.5180     0.0102    -0.8534    -0.5211
   30.1367  -193.6745  1945.6231     0.6240     0.4132    -0.6632     0.7799    -0.2772     0.5611     0.0480    -0.8674    -0.4952
   30.2608  -193.5944  1945.4948     0.6445     0.4055    -0.6482     0.7636    -0.2975     0.5731     0.0396    -0.8643    -0.5014
   30.3885  -193.5160  1945.3698     0.6641     0.3981    -0.6328     0.7444    -0.2732     0.6094     0.0697    -0.8757    -0.4777
   30.5197  -193.4392  1945.2481     0.6833     0.3904    -0.6170     0.7290    -0.3184     0.6059     0.0401    -0.8638    -0.5022
   30.6544  -193.3640  1945.1296     0.7011     0.3831    -0.6014     0.7075    -0.2687     0.6536     0.0888    -0.8838    -0.4594
   30.7924  -193.2901  1945.0141     0.7176     0.3765    -0.5859     0.6914    -0.2844     0.6641     0.0835    -0.8817    -0.4644
   30.9337  -193.2175  1944.9016     0.7340     0.3692    -0.5700     0.6770    -0.3318     0.6569     0.0534    -0.8681    -0.4935
   31.0785  -193.1462  1944.7919     0.7497     0.3617    -0.5542     0.6567    -0.3030     0.6907     0.0819    -0.8817    -0.4646
   31.2267  -193.0761  1944.6850     0.7645     0.3546    -0.5383     0.6396    -0.3138     0.7017     0.0800    -0.8808    -0.4667
   31.3784  -193.0071  1944.5808     0.7791     0.3474    -0.5218     0.6207    -0.3116     0.7195     0.0874    -0.8844    -0.4584
   31.5336  -192.9393  1944.4795     0.7935     0.3396    -0.5050     0.6052    -0.3535     0.7133     0.0637    -0.8716    -0.4860
   31.6924  -192.8727  1944.3810     0.8073     0.3320    -0.4879     0.5805    -0.2980     0.7578     0.1062    -0.8950    -0.4333
   31.8548  -192.8072  1944.2855     0.8211     0.3246    -0.4695     0.5624    -0.3194     0.7627     0.0976    -0.8903    -0.4448
   32.0208  -192.7429  1944.1932     0.8343     0.3167    -0.4512     0.5436    -0.3366     0.7689     0.0917    -0.8868    -0.4530
   32.1903  -192.6798  1944.1041     0.8470     0.3093    -0.4323     0.5160    -0.2838     0.8082     0.1273    -0.9076    -0.4000
   32.3631  -192.6179  1944.0186     0.8596     0.3020    -0.4123     0.4975    -0.3099     0.8102     0.1169    -0.9015    -0.4166
   32.5392  -192.5572  1943.9368     0.8716     0.2949    -0.3917     0.4671    -0.2567     0.8461     0.1490    -0.9204    -0.3615
   32.7182  -192.4977  1943.8591     0.8832     0.2883    -0.3700     0.4446    -0.2631     0.8562     0.1495    -0.9207    -0.3605
   32.9000  -192.4394  1943.7857     0.8943     0.2818    -0.3476     0.4167    -0.2413     0.8764     0.1631    -0.9286    -0.3332
   33.0842  -192.3823  1943.7169     0.9048     0.2761    -0.3241     0.3825    -0.1928     0.9036     0.1870    -0.9416    -0.2800
   33.2705  -192.3263  1943.6530     0.9147     0.2708    -0.3001     0.3591    -0.2038     0.9108     0.1855    -0.9408    -0.2837
   33.4586  -192.2714  1943.5941     0.9238     0.2659    -0.2753     0.3250    -0.1649     0.9312     0.2022    -0.9498    -0.2387
   33.6482  -192.2175  1943.5405     0.9323     0.2620    -0.2494     0.2869    -0.1157     0.9510     0.2203    -0.9581    -0.1830
   33.8387  -192.1645  1943.4924     0.9397     0.2588    -0.2234     0.2611    -0.1213     0.9577     0.2208    -0.9583    -0.1816
   34.0301  -192.1123  1943.4497     0.9464     0.2557    -0.1973     0.2315    -0.1110     0.9665     0.2252    -0.9604    -0.1642
   34.2218  -192.0609  1943.4125     0.9520     0.2538    -0.1712     0.1837    -0.0260     0.9826     0.2450    -0.9669    -0.0714
   34.4136  -192.0100  1943.3807     0.9567     0.2525    -0.1450     0.1676    -0.0704     0.9833     0.2381    -0.9650    -0.1096
   34.6054  -191.9596  1943.3543     0.9604     0.2517    -0.1192     0.1204     0.0107     0.9927     0.2511    -0.9677    -0.0200
   34.7969  -191.9095  1943.3330     0.9632     0.2514    -0.0949     0.1066    -0.0333     0.9937     0.2467    -0.9673    -0.0589
   34.9880  -191.8597  1943.3165     0.9652     0.2514    -0.0718     0.0645     0.0371     0.9972     0.2534    -0.9672     0.0196
   35.1787  -191.8100  1943.3045     0.9665     0.2519    -0.0501     0.0515     0.0010     0.9987     0.2516    -0.9678    -0.0120
   35.3689  -191.7604  1943.2966     0.9671     0.2527    -0.0307     0.0094     0.0850     0.9963     0.2543    -0.9638     0.0798
   35.5587  -191.7107  1943.2923     0.9672     0.2537    -0.0135     0.0056     0.0317     0.9995     0.2540    -0.9668     0.0293
   35.7481  -191.6610  1943.2911     0.9673     0.2538     0.0005     0.0046    -0.0196     0.9998     0.2538    -0.9671    -0.0201
   35.9373  -191.6113  1943.2923     0.9670     0.2547     0.0114    -0.0625     0.1936     0.9791     0.2471    -0.9475     0.2031
   36.1264  -191.5614  1943.2954     0.9667     0.2550     0.0198     0.0250    -0.1715     0.9849     0.2546    -0.9516    -0.1722
   36.3156  -191.5116  1943.2998     0.9669     0.2540     0.0243     0.0835    -0.4051     0.9104     0.2411    -0.8783    -0.4129
   36.5052  -191.4619  1943.3047     0.9672     0.2529     0.0254     0.2486    -0.9619     0.1134     0.0531    -0.1034    -0.9932
   36.6951  -191.4124  1943.3096     0.9676     0.2512     0.0241     0.1786    -0.6142    -0.7687    -0.1783     0.7481    -0.6392
   36.8857  -191.3632  1943.3139     0.9685     0.2483     0.0187     0.1247    -0.4184    -0.8997    -0.2155     0.8737    -0.4362
   37.0769  -191.3146  1943.3168     0.9697     0.2442     0.0106     0.1258    -0.4613    -0.8783    -0.2096     0.8529    -0.4781
   37.2690  -191.2667  1943.3179     0.9709     0.2396    -0.0003     0.0857    -0.3485    -0.9334    -0.2237     0.9062    -0.3589
   37.4620  -191.2197  1943.3165     0.9723     0.2332    -0.0140     0.1026    -0.4802    -0.8712    -0.2098     0.8456    -0.4908
   37.6558  -191.1740  1943.3122     0.9737     0.2260    -0.0297     0.0546    -0.3579    -0.9321    -0.2212     0.9060    -0.3609
   37.8504  -191.1296  1943.3045     0.9747     0.2182    -0.0476     0.0517    -0.4277    -0.9024    -0.2173     0.8772    -0.4282
   38.0458  -191.0868  1943.2930     0.9756     0.2088    -0.0676     0.0288    -0.4272    -0.9037    -0.2176     0.8797    -0.4228
   38.2417  -191.0459  1943.2773     0.9760     0.1987    -0.0888     0.0059    -0.4322    -0.9018    -0.2176     0.8796    -0.4230
   38.4380  -191.0070  1943.2572     0.9758     0.1879    -0.1116    -0.0222    -0.4226    -0.9060    -0.2174     0.8866    -0.4082
   38.6344  -190.9703  1943.2323     0.9749     0.1766    -0.1357    -0.0482    -0.4275    -0.9027    -0.2174     0.8866    -0.4083
   38.8308  -190.9359  1943.2025     0.9733     0.1644    -0.1600    -0.0657    -0.4686    -0.8810    -0.2198     0.8680    -0.4453
   39.0269  -190.9040  1943.1677     0.9708     0.1522    -0.1853    -0.1123    -0.3943    -0.9121    -0.2119     0.9063    -0.3657
   39.2223  -190.8745  1943.1277     0.9673     0.1402    -0.2114    -0.1312    -0.4369    -0.8899    -0.2171     0.8885    -0.4042
   39.4167  -190.8475  1943.0825     0.9629     0.1282    -0.2374    -0.1717    -0.3876    -0.9057    -0.2081     0.9129    -0.3512
   39.6100  -190.8228  1943.0321     0.9575     0.1172    -0.2634    -0.2022    -0.3785    -0.9033    -0.2056     0.9182    -0.3387
   39.8018  -190.8003  1942.9765     0.9510     0.1069    -0.2900    -0.2427    -0.3228    -0.9148    -0.1915     0.9404    -0.2810
   39.9918  -190.7798  1942.9157     0.9438     0.0975    -0.3159    -0.2668    -0.3394    -0.9020    -0.1952     0.9356    -0.2943
   40.1800  -190.7611  1942.8499     0.9355     0.0897    -0.3416    -0.3161    -0.2189    -0.9231    -0.1576     0.9716    -0.1764
   40.3659  -190.7438  1942.7791     0.9264     0.0836    -0.3671    -0.3422    -0.2195    -0.9136    -0.1570     0.9720    -0.1747
   40.5496  -190.7276  1942.7035     0.9167     0.0795    -0.3916    -0.3843    -0.0932    -0.9185    -0.1095     0.9925    -0.0549
   40.7308  -190.7120  1942.6232     0.9060     0.0777    -0.4161    -0.4144    -0.0379    -0.9093    -0.0864     0.9963    -0.0021
   40.9094  -190.6966  1942.5383     0.8947     0.0780    -0.4398    -0.4446     0.0609    -0.8937    -0.0429     0.9951     0.0892
   41.0853  -190.6809  1942.4490     0.8828     0.0812    -0.4626    -0.4694     0.1867    -0.8630     0.0163     0.9791     0.2030
   41.2585  -190.6643  1942.3554     0.8702     0.0872    -0.4848    -0.4893     0.2673    -0.8301     0.0572     0.9596     0.2753
   41.4288  -190.6463  1942.2577     0.8572     0.0959    -0.5059    -0.4988     0.3984    -0.7697     0.1277     0.9122     0.3894
   41.5962  -190.6263  1942.1561     0.8433     0.1077    -0.5266    -0.5135     0.4511    -0.7300     0.1589     0.8859     0.4357
   41.7605  -190.6038  1942.0506     0.8287     0.1214    -0.5464    -0.5217     0.5213    -0.6753     0.2029     0.8447     0.4953
   41.9217  -190.5784  1941.9415     0.8133     0.1383    -0.5652    -0.5198     0.6093    -0.5988     0.2616     0.7808     0.5674
   42.0796  -190.5494  1941.8288     0.7967     0.1572    -0.5835    -0.5434     0.6089    -0.5779     0.2644     0.7775     0.5705
   42.2341  -190.5166  1941.7127     0.7791     0.1784    -0.6010    -0.5382     0.6819    -0.4953     0.3214     0.7094     0.6273
   42.3850  -190.4793  1941.5932     0.7601     0.2018    -0.6176    -0.5630     0.6791    -0.4710     0.3244     0.7058     0.6298
   42.5320  -190.4374  1941.4706     0.7397     0.2264    -0.6337    -0.5804     0.6912    -0.4305     0.3406     0.6863     0.6427
   42.6749  -190.3905  1941.3448     0.7179     0.2517    -0.6490    -0.6043     0.6882    -0.4016     0.3456     0.6805     0.6462
   42.8134  -190.3384  1941.2159     0.6919     0.2808    -0.6652    -0.6286     0.6875    -0.3635     0.3552     0.6697     0.6522
   42.9810  -190.2644  1941.0486     0.6632     0.3108    -0.6808    -0.6661     0.6599    -0.3476     0.3412     0.6841     0.6447
   43.0758  -190.2181  1940.9493     0.6431     0.3305    -0.6908    -0.6831     0.6553    -0.3224     0.3461     0.6793     0.6471
   43.1989  -190.1498  1940.8117     0.6097     0.3606    -0.7058    -0.7275     0.6081    -0.3178     0.3145     0.7073     0.6331
   43.3163  -190.0763  1940.6713     0.5792     0.3857    -0.7182    -0.7480     0.6017    -0.2801     0.3240     0.6994     0.6370
   43.4273  -189.9975  1940.5282     0.5451     0.4113    -0.7306    -0.7888     0.5468    -0.2807     0.2841     0.7293     0.6225
   43.5318  -189.9138  1940.3825     0.5105     0.4349    -0.7418    -0.8061     0.5424    -0.2368     0.2993     0.7188     0.6274
   43.6294  -189.8253  1940.2343     0.4735     0.4569    -0.7531    -0.8554     0.4423    -0.2695     0.2099     0.7718     0.6002
   43.7197  -189.7325  1940.0835     0.4349     0.4770    -0.7638    -0.8655     0.4554    -0.2084     0.2484     0.7517     0.6109
   43.8024  -189.6356  1939.9305     0.3958     0.4958    -0.7730    -0.8969     0.3894    -0.2094     0.1972     0.7762     0.5988
   43.8774  -189.5350  1939.7753     0.3554     0.5120    -0.7820    -0.9198     0.3404    -0.1951     0.1663     0.7887     0.5919
   43.9444  -189.4311  1939.6180     0.3145     0.5262    -0.7900    -0.9368     0.3063    -0.1690     0.1531     0.7933     0.5893
   44.0034  -189.3243  1939.4588     0.2735     0.5382    -0.7972    -0.9555     0.2474    -0.1608     0.1107     0.8057     0.5819
   44.0542  -189.2151  1939.2980     0.2324     0.5487    -0.8031    -0.9637     0.2413    -0.1140     0.1313     0.8004     0.5849
   44.0969  -189.1037  1939.1358     0.1917     0.5572    -0.8079    -0.9791     0.1660    -0.1178     0.0685     0.8136     0.5774
   44.1315  -188.9907  1938.9725     0.1519     0.5637    -0.8119    -0.9848     0.1560    -0.0759     0.0838     0.8111     0.5789
   44.1582  -188.8763  1938.8083     0.1125     0.5692    -0.8145    -0.9915     0.1177    -0.0547     0.0648     0.8137     0.5776
   44.1770  -188.7609  1938.6436     0.0740     0.5732    -0.8161    -0.9957     0.0875    -0.0289     0.0549     0.8147     0.5772
   44.1882  -188.6448  1938.4787     0.0369     0.5763    -0.8164    -0.9965     0.0820     0.0128     0.0744     0.8131     0.5774
   44.1920  -188.5281  1938.3139     0.0010     0.5792    -0.8152    -0.9958     0.0749     0.0519     0.0911     0.8118     0.5768
   44.1887  -188.4111  1938.1497    -0.0337     0.5810    -0.8132    -0.9976     0.0292     0.0622     0.0599     0.8134     0.5786
   44.1785  -188.2940  1937.9863    -0.0675     0.5828    -0.8098    -0.9874     0.0772     0.1378     0.1429     0.8090     0.5702
   44.1617  -188.1768  1937.8242    -0.0996     0.5847    -0.8051    -0.9877     0.0396     0.1509     0.1201     0.8103     0.5736
   44.1386  -188.0596  1937.6636    -0.1314     0.5866    -0.7991    -0.9732     0.0772     0.2167     0.1889     0.8062     0.5607
   44.1093  -187.9425  1937.5051    -0.1622     0.5887    -0.7919    -0.9686     0.0581     0.2416     0.1883     0.8062     0.5608
   44.0742  -187.8254  1937.3487    -0.1915     0.5913    -0.7834    -0.9443     0.1066     0.3113     0.2676     0.7994     0.5379
   44.0335  -187.7083  1937.1949    -0.2206     0.5941    -0.7736    -0.9425     0.0745     0.3259     0.2513     0.8010     0.5434
   43.9873  -187.5912  1937.0438    -0.2492     0.5969    -0.7626    -0.9163     0.1098     0.3853     0.3137     0.7948     0.5196
   43.9358  -187.4740  1936.8957    -0.2768     0.6005    -0.7502    -0.8937     0.1260     0.4306     0.3531     0.7896     0.5018
   43.8792  -187.3565  1936.7507    -0.3036     0.6045    -0.7365    -0.8717     0.1358     0.4708     0.3846     0.7850     0.4857
   43.8176  -187.2386  1936.6089    -0.3300     0.6081    -0.7220    -0.8696     0.1016     0.4831     0.3671     0.7873     0.4953
   43.7511  -187.1204  1936.4704    -0.3559     0.6115    -0.7067    -0.8384     0.1251     0.5305     0.4128     0.7813     0.4682
   43.6798  -187.0016  1936.3351    -0.3801     0.6154    -0.6905    -0.8101     0.1388     0.5697     0.4464     0.7759     0.4457
   43.6039  -186.8821  1936.2030    -0.4040     0.6187    -0.6738    -0.8183     0.0848     0.5685     0.4089     0.7811     0.4720
   43.5234  -186.7620  1936.0741    -0.4265     0.6215    -0.6571    -0.7784     0.1177     0.6166     0.4605     0.7745     0.4336
   43.4385  -186.6410  1935.9481    -0.4479     0.6244    -0.6400    -0.7713     0.0923     0.6298     0.4523     0.7757     0.4402
   43.3492  -186.5191  1935.8250    -0.4678     0.6262    -0.6237    -0.7739     0.0507     0.6313     0.4270     0.7780     0.4609
   43.2559  -186.3964  1935.7045    -0.4860     0.6283    -0.6075    -0.7162     0.1122     0.6889     0.5010     0.7699     0.3954
   43.1586  -186.2726  1935.5866    -0.5027     0.6301    -0.5919    -0.7433     0.0345     0.6681     0.4413     0.7758     0.4510
   43.0577  -186.1479  1935.4709    -0.5175     0.6310    -0.5780    -0.7105     0.0596     0.7012     0.4769     0.7735     0.4174
   42.9534  -186.0222  1935.3573    -0.5305     0.6327    -0.5641    -0.6473     0.1273     0.7515     0.5473     0.7638     0.3421
   42.8461  -185.8954  1935.2457    -0.5417     0.6342    -0.5517    -0.6865     0.0449     0.7257     0.4850     0.7718     0.4111
   42.7360  -185.7676  1935.1358    -0.5519     0.6355    -0.5400    -0.6216     0.1181     0.7744     0.5559     0.7630     0.3299
   42.6235  -185.6388  1935.0277    -0.5595     0.6379    -0.5291    -0.4857     0.2649     0.8330     0.6715     0.7231     0.1617
   42.5092  -185.5089  1934.9212    -0.5659     0.6406    -0.5190    -0.5457     0.1809     0.8182     0.6181     0.7462     0.2472
   42.3933  -185.3780  1934.8164    -0.5705     0.6441    -0.5096    -0.2246     0.4745     0.8511     0.7900     0.6000    -0.1260
   42.2764  -185.2459  1934.7131    -0.5736     0.6483    -0.5008    -0.3620     0.3478     0.8649     0.7348     0.6773     0.0352
   42.1588  -185.1128  1934.6116    -0.5755     0.6535    -0.4918     0.0200     0.6124     0.7903     0.8176     0.4450    -0.3654
   42.0411  -184.9785  1934.5119    -0.5756     0.6598    -0.4831    -0.0445     0.5646     0.8242     0.8165     0.4959    -0.2956
   41.9235  -184.8430  1934.4141    -0.5751     0.6667    -0.4741     0.1322     0.6477     0.7503     0.8073     0.3688    -0.4606
   41.8065  -184.7063  1934.3184    -0.5729     0.6750    -0.4649     0.2031     0.6664     0.7174     0.7940     0.3166    -0.5189
   41.6905  -184.5683  1934.2250    -0.5695     0.6845    -0.4551     0.2810     0.6825     0.6747     0.7725     0.2564    -0.5810
   41.5757  -184.4288  1934.1340    -0.5655     0.6949    -0.4442     0.2310     0.6505     0.7235     0.7917     0.3065    -0.5284
   41.4624  -184.2879  1934.0458    -0.5604     0.7060    -0.4329     0.3783     0.6833     0.6246     0.7368     0.1863    -0.6500
   41.3508  -184.1454  1933.9603    -0.5548     0.7178    -0.4207     0.2635     0.6312     0.7295     0.7892     0.2938    -0.5393
   41.2410  -184.0013  1933.8779    -0.5481     0.7303    -0.4077     0.4274     0.6635     0.6141     0.7190     0.1623    -0.6758
   41.1333  -183.8555  1933.7985    -0.5406     0.7432    -0.3941     0.3164     0.6137     0.7234     0.7795     0.2664    -0.5669
   41.0275  -183.7078  1933.7223    -0.5331     0.7560    -0.3797     0.4094     0.6233     0.6662     0.7404     0.1997    -0.6419
   40.9238  -183.5583  1933.6492    -0.5244     0.7690    -0.3656     0.4196     0.6070     0.6749     0.7409     0.2005    -0.6410
   40.8222  -183.4068  1933.5792    -0.5158     0.7814    -0.3511     0.3944     0.5804     0.7124     0.7605     0.2290    -0.6076
   40.7225  -183.2534  1933.5121    -0.5070     0.7929    -0.3379     0.5009     0.5901     0.6331     0.7014     0.1518    -0.6964
   40.6248  -183.0981  1933.4476    -0.4978     0.8039    -0.3254     0.4679     0.5649     0.6797     0.7302     0.1861    -0.6574
   40.5289  -182.9408  1933.3855    -0.4884     0.8143    -0.3137     0.5616     0.5685     0.6012     0.6679     0.1175    -0.7350
   40.4349  -182.7816  1933.3255    -0.4791     0.8234    -0.3042     0.5990     0.5600     0.5725     0.6417     0.0921    -0.7614
   40.3425  -182.6205  1933.2670    -0.4697     0.8314    -0.2970     0.7135     0.5556     0.4268     0.5199    -0.0115    -0.8542
   40.2519  -182.4577  1933.2096    -0.4599     0.8385    -0.2923     0.7940     0.5357     0.2874     0.3975    -0.0999    -0.9121
   40.1629  -182.2932  1933.1527    -0.4505     0.8442    -0.2903     0.8718     0.4861     0.0608     0.1925    -0.2256    -0.9550
   40.0755  -182.1272  1933.0958    -0.4411     0.8491    -0.2905     0.8969     0.4285    -0.1094     0.0316    -0.3088    -0.9506
   39.9897  -181.9598  1933.0384    -0.4313     0.8530    -0.2940     0.8408     0.2618    -0.4739    -0.3272    -0.4515    -0.8301
   39.9056  -181.7912  1932.9798    -0.4212     0.8559    -0.3001     0.8146     0.2115    -0.5401    -0.3987    -0.4720    -0.7863
   39.8232  -181.6216  1932.9196    -0.4114     0.8575    -0.3089     0.6660     0.0515    -0.7441    -0.6222    -0.5119    -0.5923
   39.7425  -181.4512  1932.8571    -0.4009     0.8581    -0.3207     0.6575     0.0257    -0.7530    -0.6380    -0.5128    -0.5745
   39.6637  -181.2802  1932.7919    -0.3901     0.8581    -0.3339     0.6142    -0.0276    -0.7887    -0.6860    -0.5127    -0.5163
   39.5868  -181.1088  1932.7237    -0.3794     0.8568    -0.3492     0.5336    -0.1058    -0.8391    -0.7559    -0.5047    -0.4171
   39.5118  -180.9372  1932.6520    -0.3688     0.8546    -0.3655     0.5506    -0.1160    -0.8266    -0.7489    -0.5061    -0.4278
   39.4387  -180.7656  1932.5768    -0.3580     0.8516    -0.3830     0.4921    -0.1765    -0.8525    -0.7935    -0.4937    -0.3558
   39.3676  -180.5943  1932.4977    -0.3475     0.8476    -0.4011     0.4970    -0.1962    -0.8453    -0.7951    -0.4931    -0.3531
