Legend
======
Order:       curve order
Px,Py,Pz:    coordinates of point P on the centerline
Tx,Ty,Tz:    coordinates of the direction of the Tangent vector to point P
Nx,Ny,Nz:    coordinates of the direction of the Normal vector to point P
BNx,BNy,BNz: coordinates of the direction of the Binormal vector to point P
Dfit:        diameter of the best fit circle in point P
Dmin:        diameter of the inscribing circle in point P
Dmax:        diameter of the subscribing circle in point P
C:           curvature in point P
Dh:          hydraulic diameter in point P
Xh:          hydraulic ratio in point P
Scf:         distance of circumference in point P
Area:        sectional area in point P
E:           ellipticity in point P


Order: Cubic

[Main Branch Set] Branch Segment 1:


        Px         Py         Pz         Tx         Ty         Tz         Nx         Ny         Nz        BNx        BNy        BNz
   57.9689  -206.2530  1733.5203     0.9041     0.1435     0.4024    -0.4042     0.5926     0.6967    -0.1385    -0.7926     0.5938
   58.5144  -206.1338  1733.8098     0.8476     0.2068     0.4887     0.1798    -0.9784     0.1022     0.4993     0.0013    -0.8664
   58.6165  -206.1093  1733.8685     0.8508     0.1996     0.4862     0.4293    -0.7975    -0.4239     0.3032     0.5694    -0.7641
   58.7160  -206.0866  1733.9250     0.8547     0.1896     0.4833     0.2495    -0.9664    -0.0620     0.4552     0.1736    -0.8733
   58.8367  -206.0607  1733.9930     0.8584     0.1781     0.4811     0.3677    -0.8676    -0.3348     0.3577     0.4643    -0.8102
   58.9765  -206.0329  1734.0707     0.8639     0.1637     0.4763     0.3090    -0.9190    -0.2448     0.3977     0.3587    -0.8445
   59.1330  -206.0050  1734.1562     0.8701     0.1457     0.4709     0.3198    -0.8938    -0.3143     0.3751     0.4240    -0.8243
   59.3034  -205.9785  1734.2474     0.8769     0.1252     0.4640     0.2831    -0.9148    -0.2881     0.3884     0.3840    -0.8376
   59.4852  -205.9552  1734.3424     0.8842     0.1001     0.4562     0.2529    -0.9238    -0.2875     0.3926     0.3696    -0.8422
   59.6755  -205.9368  1734.4391     0.8923     0.0711     0.4458     0.2508    -0.8992    -0.3586     0.3754     0.4318    -0.8202
   59.8718  -205.9248  1734.5353     0.9007     0.0380     0.4327     0.2100    -0.9101    -0.3573     0.3803     0.4127    -0.8277
   60.0716  -205.9205  1734.6292     0.9089     0.0001     0.4171     0.1790    -0.9034    -0.3898     0.3768     0.4289    -0.8210
   60.2727  -205.9251  1734.7191     0.9162    -0.0425     0.3985     0.1324    -0.9064    -0.4011     0.3783     0.4202    -0.8248
   60.4731  -205.9394  1734.8036     0.9224    -0.0896     0.3757     0.1017    -0.8820    -0.4602     0.3726     0.4627    -0.8044
   60.6713  -205.9640  1734.8813     0.9266    -0.1406     0.3489     0.0429    -0.8821    -0.4691     0.3737     0.4496    -0.8113
   60.8662  -205.9991  1734.9515     0.9280    -0.1941     0.3181     0.0022    -0.8508    -0.5256     0.3726     0.4884    -0.7891
   61.0568  -206.0446  1735.0134     0.9260    -0.2490     0.2840    -0.0645    -0.8452    -0.5306     0.3721     0.4729    -0.7987
   61.2427  -206.1001  1735.0669     0.9209    -0.3020     0.2466    -0.0919    -0.7828    -0.6155     0.3789     0.5441    -0.7486
   61.4238  -206.1647  1735.1117     0.9127    -0.3522     0.2074    -0.1635    -0.7797    -0.6045     0.3746     0.5178    -0.7692
   61.6004  -206.2377  1735.1483     0.9024    -0.3966     0.1684    -0.1762    -0.6963    -0.6958     0.3932     0.5982    -0.6982
   61.7729  -206.3176  1735.1770     0.8916    -0.4336     0.1307    -0.2256    -0.6753    -0.7022     0.3927     0.5966    -0.6999
   61.9421  -206.4033  1735.1986     0.8815    -0.4622     0.0960    -0.2011    -0.5516    -0.8095     0.4271     0.6943    -0.5792
   62.1089  -206.4931  1735.2138     0.8740    -0.4816     0.0647    -0.1966    -0.4723    -0.8592     0.4444     0.7382    -0.5075
   62.2741  -206.5856  1735.2235     0.8694    -0.4926     0.0384    -0.1012    -0.2537    -0.9620     0.4836     0.8325    -0.2704
   62.4389  -206.6794  1735.2287     0.8687    -0.4951     0.0172     0.0605     0.0716    -0.9956     0.4916     0.8659     0.0921
   62.6041  -206.7730  1735.2303     0.8721    -0.4894     0.0002     0.2945     0.5244    -0.7990     0.3909     0.6968     0.6014
   62.7707  -206.8651  1735.2291     0.8785    -0.4777    -0.0117     0.4113     0.7685    -0.4901     0.2431     0.4257     0.8716
   62.9394  -206.9549  1735.2261     0.8873    -0.4608    -0.0194     0.4361     0.8519    -0.2900     0.1502     0.2489     0.9568
   63.1107  -207.0413  1735.2218     0.8980    -0.4393    -0.0249     0.4307     0.8893    -0.1539     0.0897     0.1275     0.9878
   63.2851  -207.1239  1735.2167     0.9088    -0.4164    -0.0276     0.4144     0.9083    -0.0573     0.0489     0.0407     0.9980
   63.4626  -207.2025  1735.2112     0.9191    -0.3930    -0.0291     0.3906     0.9183    -0.0642     0.0520     0.0476     0.9975
   63.6431  -207.2770  1735.2054     0.9286    -0.3700    -0.0300     0.3700     0.9290    -0.0049     0.0297    -0.0065     0.9995
   63.8265  -207.3477  1735.1994     0.9363    -0.3498    -0.0315     0.3419     0.9282    -0.1467     0.0805     0.1266     0.9887
   64.0122  -207.4152  1735.1929     0.9421    -0.3336    -0.0343     0.3227     0.9296    -0.1779     0.0912     0.1565     0.9835
   64.1996  -207.4802  1735.1857     0.9457    -0.3226    -0.0389     0.2251     0.7368    -0.6375     0.2343     0.5942     0.7694
   64.3880  -207.5438  1735.1773     0.9473    -0.3172    -0.0457     0.0957     0.4160    -0.9043     0.3059     0.8522     0.4245
   64.5764  -207.6068  1735.1673     0.9466    -0.3174    -0.0559    -0.1453    -0.2655    -0.9531     0.2877     0.9104    -0.2975
   64.7642  -207.6705  1735.1549     0.9432    -0.3251    -0.0689    -0.2751    -0.6475    -0.7107     0.1865     0.6893    -0.7001
   64.9503  -207.7361  1735.1398     0.9372    -0.3384    -0.0847    -0.2823    -0.5930    -0.7541     0.2049     0.7306    -0.6513
   65.1342  -207.8045  1735.1212     0.9283    -0.3570    -0.1043    -0.3392    -0.6974    -0.6313     0.1527     0.6214    -0.7685
   65.3150  -207.8768  1735.0987     0.9159    -0.3813    -0.1256    -0.3755    -0.7030    -0.6039     0.1419     0.6003    -0.7871
   65.4922  -207.9538  1735.0719     0.9003    -0.4086    -0.1497    -0.4093    -0.6783    -0.6102     0.1478     0.6106    -0.7780
   65.6656  -208.0362  1735.0403     0.8814    -0.4389    -0.1749    -0.4579    -0.7024    -0.5450     0.1163     0.5604    -0.8200
   65.8347  -208.1244  1735.0039     0.8602    -0.4690    -0.2002    -0.4889    -0.6469    -0.5852     0.1450     0.6013    -0.7858
   65.9997  -208.2184  1734.9625     0.8370    -0.4985    -0.2257    -0.5332    -0.6501    -0.5414     0.1231     0.5735    -0.8099
   66.1606  -208.3184  1734.9161     0.8131    -0.5259    -0.2496    -0.5647    -0.6087    -0.5572     0.1411     0.5940    -0.7920
   66.3178  -208.4238  1734.8650     0.7907    -0.5487    -0.2715    -0.5907    -0.5670    -0.5741     0.1611     0.6143    -0.7724
   66.4718  -208.5341  1734.8094     0.7699    -0.5679    -0.2910    -0.6182    -0.5504    -0.5612     0.1585     0.6119    -0.7749
   66.6231  -208.6486  1734.7498     0.7521    -0.5826    -0.3081    -0.6182    -0.4618    -0.6360     0.2283     0.6689    -0.7075
   66.7723  -208.7663  1734.6866     0.7388    -0.5920    -0.3222    -0.6148    -0.3961    -0.6819     0.2760     0.7019    -0.6566
   66.9202  -208.8861  1734.6205     0.7299    -0.5964    -0.3339    -0.5139    -0.1569    -0.8434     0.4507     0.7872    -0.4210
   67.0675  -209.0069  1734.5519     0.7262    -0.5959    -0.3429    -0.0613     0.4406    -0.8956     0.6848     0.6714     0.2834
   67.2150  -209.1275  1734.4816     0.7268    -0.5913    -0.3495     0.1862     0.6594    -0.7284     0.6611     0.4643     0.5893
   67.3631  -209.2469  1734.4100     0.7314    -0.5826    -0.3545     0.5282     0.8127    -0.2460     0.4315    -0.0073     0.9021
   67.5125  -209.3640  1734.3377     0.7401    -0.5699    -0.3571     0.5785     0.8102    -0.0944     0.3431    -0.1367     0.9293
   67.6636  -209.4780  1734.2652     0.7513    -0.5543    -0.3581     0.5860     0.8100    -0.0244     0.3036    -0.1915     0.9334
   67.8166  -209.5881  1734.1929     0.7646    -0.5360    -0.3578     0.5885     0.8071     0.0484     0.2628    -0.2476     0.9325
   67.9717  -209.6939  1734.1211     0.7785    -0.5166    -0.3565     0.5710     0.8187     0.0607     0.2605    -0.2508     0.9323
   68.1289  -209.7953  1734.0499     0.7923    -0.4964    -0.3548     0.5536     0.8293     0.0760     0.2565    -0.2567     0.9318
   68.2880  -209.8922  1733.9794     0.8048    -0.4771    -0.3531     0.5316     0.8440     0.0713     0.2640    -0.2451     0.9329
   68.4486  -209.9850  1733.9096     0.8159    -0.4594    -0.3511     0.5265     0.8413     0.1227     0.2390    -0.2849     0.9283
   68.6105  -210.0741  1733.8405     0.8245    -0.4447    -0.3498     0.4742     0.8804    -0.0017     0.3087    -0.1645     0.9368
   68.7729  -210.1603  1733.7718     0.8300    -0.4339    -0.3504     0.4241     0.8991    -0.1088     0.3623    -0.0583     0.9302
   68.9355  -210.2444  1733.7032     0.8329    -0.4277    -0.3513     0.3811     0.9034    -0.1965     0.4014     0.0298     0.9154
   69.0976  -210.3276  1733.6346     0.8315    -0.4279    -0.3542    -0.5255    -0.3991    -0.7514     0.1801     0.8109    -0.5567
   69.2585  -210.4110  1733.5654     0.8270    -0.4326    -0.3591    -0.5599    -0.6914    -0.4567    -0.0507     0.5787    -0.8140
   69.4177  -210.4955  1733.4955     0.8192    -0.4428    -0.3644    -0.5608    -0.7516    -0.3473    -0.1201     0.4889    -0.8640
   69.5747  -210.5824  1733.4245     0.8073    -0.4583    -0.3716    -0.5782    -0.7401    -0.3434    -0.1177     0.4921    -0.8625
   69.7290  -210.6726  1733.3521     0.7924    -0.4779    -0.3790    -0.5830    -0.7762    -0.2401    -0.1795     0.4112    -0.8937
   69.8803  -210.7670  1733.2782     0.7746    -0.5002    -0.3870    -0.6176    -0.7300    -0.2927    -0.1361     0.4657    -0.8744
   70.0284  -210.8662  1733.2024     0.7541    -0.5244    -0.3954    -0.6323    -0.7425    -0.2212    -0.1776     0.4168    -0.8915
   70.1731  -210.9707  1733.1247     0.7325    -0.5488    -0.4028    -0.6607    -0.7158    -0.2261    -0.1643     0.4317    -0.8869
   70.3146  -211.0806  1733.0450     0.7106    -0.5719    -0.4099    -0.6828    -0.7012    -0.2054    -0.1699     0.4258    -0.8887
   70.4529  -211.1958  1732.9634     0.6893    -0.5934    -0.4155    -0.6979    -0.6978    -0.1612    -0.1943     0.4011    -0.8952
   70.5884  -211.3161  1732.8800     0.6694    -0.6122    -0.4208    -0.7304    -0.6459    -0.2223    -0.1357     0.4562    -0.8795
   70.7213  -211.4409  1732.7948     0.6522    -0.6274    -0.4254    -0.7371    -0.6558    -0.1628    -0.1769     0.4198    -0.8902
   70.8522  -211.5694  1732.7081     0.6386    -0.6386    -0.4294    -0.7675    -0.5690    -0.2953    -0.0558     0.5181    -0.8535
   70.9815  -211.7006  1732.6200     0.6286    -0.6459    -0.4331    -0.7747    -0.5693    -0.2753    -0.0688     0.5086    -0.8583
   71.1097  -211.8334  1732.5309     0.6230    -0.6491    -0.4365    -0.6616    -0.1396    -0.7368     0.4173     0.7478    -0.5164
   71.2375  -211.9667  1732.4408     0.6217    -0.6476    -0.4406     0.1537     0.6524    -0.7422     0.7681     0.3937     0.5051
   71.3653  -212.0991  1732.3500     0.6246    -0.6422    -0.4443     0.5400     0.7662    -0.3484     0.5641    -0.0223     0.8254
   71.4936  -212.2295  1732.2588     0.6312    -0.6329    -0.4483     0.5450     0.7732    -0.3243     0.5519    -0.0397     0.8330
   71.6228  -212.3568  1732.1672     0.6411    -0.6193    -0.4533     0.5709     0.7795    -0.2576     0.5129    -0.0937     0.8533
   71.7533  -212.4800  1732.0753     0.6538    -0.6023    -0.4580     0.5953     0.7831    -0.1801     0.4672    -0.1549     0.8705
   71.8854  -212.5984  1731.9833     0.6687    -0.5819    -0.4629     0.5628     0.8029    -0.1964     0.4860    -0.1292     0.8644
   72.0193  -212.7113  1731.8911     0.6842    -0.5586    -0.4688     0.5261     0.8233    -0.2132     0.5051    -0.1007     0.8572
   72.1549  -212.8184  1731.7987     0.7000    -0.5342    -0.4739     0.5405     0.8301    -0.1374     0.4668    -0.1600     0.8698
   72.2925  -212.9198  1731.7061     0.7153    -0.5088    -0.4790     0.4766     0.8565    -0.1980     0.5110    -0.0867     0.8552
   72.4319  -213.0155  1731.6131     0.7292    -0.4831    -0.4847     0.4550     0.8713    -0.1838     0.5111    -0.0865     0.8551
   72.5730  -213.1059  1731.5196     0.7409    -0.4598    -0.4896     0.4238     0.8855    -0.1902     0.5210    -0.0666     0.8509
   72.7155  -213.1918  1731.4256     0.7502    -0.4395    -0.4941     0.3940     0.8971    -0.1999     0.5311    -0.0447     0.8461
   72.8594  -213.2740  1731.3309     0.7571    -0.4226    -0.4982     0.3450     0.9062    -0.2444     0.5547     0.0132     0.8319
   73.0043  -213.3534  1731.2355     0.7613    -0.4106    -0.5018     0.2746     0.9053    -0.3242     0.5874     0.1091     0.8019
   73.1500  -213.4311  1731.1393     0.7632    -0.4032    -0.5050     0.1485     0.8700    -0.4702     0.6289     0.2839     0.7238
   73.2964  -213.5081  1731.0422     0.7629    -0.4008    -0.5073    -0.6444    -0.4086    -0.6463     0.0518     0.8200    -0.5701
   73.4431  -213.5855  1730.9444     0.7606    -0.4037    -0.5084    -0.5324    -0.8361    -0.1325    -0.3716     0.3715    -0.8508
   73.5901  -213.6643  1730.8459     0.7571    -0.4105    -0.5083    -0.4142    -0.9032     0.1126    -0.5053     0.1253    -0.8538
   73.7373  -213.7453  1730.7469     0.7523    -0.4207    -0.5069    -0.4207    -0.8990     0.1218    -0.5070     0.1217    -0.8533
   73.8845  -213.8291  1730.6476     0.7472    -0.4331    -0.5041    -0.3301    -0.9002     0.2840    -0.5768    -0.0458    -0.8156
   74.0318  -213.9161  1730.5483     0.7419    -0.4469    -0.4998    -0.3519    -0.8941     0.2771    -0.5707    -0.0297    -0.8206
   74.1792  -214.0066  1730.4492     0.7373    -0.4607    -0.4941    -0.2296    -0.8587     0.4581    -0.6353    -0.2243    -0.7389
   74.3269  -214.1004  1730.3507     0.7339    -0.4735    -0.4870    -0.2219    -0.8448     0.4869    -0.6420    -0.2493    -0.7251
   74.4749  -214.1972  1730.2531     0.7320    -0.4843    -0.4792    -0.0470    -0.7376     0.6737    -0.6797    -0.4706    -0.5626
   74.6235  -214.2964  1730.1567     0.7322    -0.4927    -0.4701     0.0905    -0.6138     0.7843    -0.6750    -0.6168    -0.4048
   74.7729  -214.3974  1730.0619     0.7348    -0.4978    -0.4607     0.4004    -0.2299     0.8871    -0.5475    -0.8363     0.0304
   74.9233  -214.4991  1729.9688     0.7397    -0.4985    -0.4520     0.5594     0.0823     0.8248    -0.3740    -0.8629     0.3398
   75.0748  -214.6005  1729.8776     0.7474    -0.4957    -0.4425     0.6329     0.3285     0.7011    -0.2022    -0.8040     0.5592
   75.2278  -214.7006  1729.7886     0.7577    -0.4879    -0.4333     0.6511     0.6103     0.4512     0.0443    -0.6240     0.7801
   75.3823  -214.7981  1729.7017     0.7700    -0.4752    -0.4258     0.6228     0.7050     0.3394     0.1389    -0.5265     0.8387
   75.5385  -214.8920  1729.6168     0.7841    -0.4581    -0.4187     0.5918     0.7550     0.2824     0.1867    -0.4692     0.8631
   75.6965  -214.9814  1729.5339     0.7992    -0.4372    -0.4124     0.5457     0.8154     0.1930     0.2519    -0.3793     0.8903
   75.8563  -215.0656  1729.4527     0.8147    -0.4121    -0.4078     0.4950     0.8607     0.1192     0.3019    -0.2990     0.9052
   76.0180  -215.1439  1729.3728     0.8296    -0.3841    -0.4052     0.4373     0.8982     0.0438     0.3472    -0.2136     0.9132
   76.1813  -215.2161  1729.2938     0.8430    -0.3551    -0.4040     0.4015     0.9153     0.0332     0.3580    -0.1902     0.9142
   76.3463  -215.2822  1729.2153     0.8548    -0.3252    -0.4044     0.3295     0.9422    -0.0610     0.4009    -0.0812     0.9125
   76.5126  -215.3423  1729.1368     0.8638    -0.2965    -0.4074     0.2634     0.9550    -0.1366     0.4295     0.0107     0.9030
   76.6801  -215.3971  1729.0576     0.8693    -0.2714    -0.4130     0.1488     0.9407    -0.3049     0.4713     0.2036     0.8582
   76.8483  -215.4474  1728.9771     0.8721    -0.2501    -0.4206     0.0907     0.9273    -0.3633     0.4808     0.2787     0.8313
   77.0170  -215.4941  1728.8949     0.8719    -0.2342    -0.4301    -0.1402     0.7221    -0.6774     0.4692     0.6509     0.5968
   77.1857  -215.5385  1728.8104     0.8684    -0.2250    -0.4418    -0.3157     0.4362    -0.8427     0.3823     0.8713     0.3077
   77.3540  -215.5819  1728.7232     0.8618    -0.2227    -0.4556    -0.4846    -0.0964    -0.8694     0.1497     0.9701    -0.1910
   77.5214  -215.6258  1728.6327     0.8521    -0.2280    -0.4710    -0.5221    -0.4312    -0.7358    -0.0354     0.8729    -0.4865
   77.6873  -215.6716  1728.5388     0.8396    -0.2403    -0.4872    -0.5275    -0.5752    -0.6252    -0.1300     0.7819    -0.6097
   77.8513  -215.7207  1728.4411     0.8241    -0.2587    -0.5040    -0.5296    -0.6674    -0.5235    -0.2009     0.6984    -0.6870
   78.0127  -215.7742  1728.3397     0.8057    -0.2829    -0.5204    -0.5341    -0.7268    -0.4318    -0.2560     0.6259    -0.7367
   78.1711  -215.8334  1728.2344     0.7841    -0.3118    -0.5367    -0.5592    -0.7299    -0.3930    -0.2692     0.6083    -0.7467
   78.3259  -215.8990  1728.1253     0.7603    -0.3433    -0.5515    -0.5681    -0.7631    -0.3081    -0.3150     0.5475    -0.7752
   78.4765  -215.9716  1728.0128     0.7336    -0.3775    -0.5651    -0.6049    -0.7416    -0.2899    -0.3096     0.5545    -0.7724
   78.6224  -216.0517  1727.8969     0.7050    -0.4120    -0.5772    -0.6249    -0.7458    -0.2308    -0.3354     0.5234    -0.7833
   78.7631  -216.1391  1727.7782     0.6753    -0.4455    -0.5877    -0.6668    -0.7094    -0.2284    -0.3152     0.5461    -0.7762
   78.8981  -216.2336  1727.6569     0.6440    -0.4778    -0.5975    -0.6942    -0.6932    -0.1939    -0.3215     0.5396    -0.7781
   79.0270  -216.3348  1727.5334     0.6121    -0.5080    -0.6060    -0.7312    -0.6554    -0.1892    -0.3011     0.5589    -0.7726
   79.1493  -216.4418  1727.4082     0.5803    -0.5343    -0.6146    -0.7768    -0.5899    -0.2206    -0.2447     0.6055    -0.7573
   79.2648  -216.5536  1727.2815     0.5480    -0.5580    -0.6232    -0.8009    -0.5649    -0.1984    -0.2414     0.6079    -0.7565
   79.3730  -216.6693  1727.1538     0.5158    -0.5782    -0.6322    -0.8453    -0.4637    -0.2656    -0.1395     0.6714    -0.7279
   79.4738  -216.7875  1727.0253     0.4837    -0.5940    -0.6428    -0.8727    -0.3835    -0.3023    -0.0670     0.7072    -0.7038
   79.5669  -216.9071  1726.8961     0.4514    -0.6063    -0.6547    -0.8920    -0.2861    -0.3501     0.0249     0.7420    -0.6699
   79.6524  -217.0270  1726.7663     0.4193    -0.6147    -0.6680    -0.9006    -0.1887    -0.3917     0.1147     0.7658    -0.6327
   79.7302  -217.1462  1726.6359     0.3866    -0.6194    -0.6832    -0.8940    -0.0698    -0.4426     0.2265     0.7819    -0.5807
   79.8004  -217.2638  1726.5047     0.3533    -0.6199    -0.7007    -0.8772     0.0409    -0.4785     0.3253     0.7836    -0.5293
   79.8631  -217.3791  1726.3724     0.3197    -0.6170    -0.7191    -0.8691     0.1115    -0.4820     0.3775     0.7790    -0.5006
   79.9187  -217.4919  1726.2387     0.2857    -0.6116    -0.7378    -0.8685     0.1602    -0.4691     0.4051     0.7747    -0.4854
   79.9674  -217.6021  1726.1032     0.2518    -0.6031    -0.7568    -0.8301     0.2674    -0.4893     0.4975     0.7515    -0.4333
   80.0097  -217.7096  1725.9655     0.2186    -0.5931    -0.7749    -0.8681     0.2445    -0.4320     0.4457     0.7671    -0.4614
   80.0460  -217.8151  1725.8250     0.1868    -0.5826    -0.7910    -0.8392     0.3241    -0.4368     0.5108     0.7454    -0.4283
   80.0770  -217.9191  1725.6812     0.1576    -0.5724    -0.8047    -0.8876     0.2751    -0.3694     0.4328     0.7725    -0.4647
   80.1032  -218.0225  1725.5337     0.1311    -0.5638    -0.8154    -0.8867     0.3012    -0.3509     0.4434     0.7690    -0.4604
   80.1253  -218.1262  1725.3821     0.1082    -0.5581    -0.8227    -0.9648     0.1408    -0.2224     0.2399     0.8178    -0.5232
   80.1438  -218.2314  1725.2262     0.0884    -0.5554    -0.8269    -0.9754     0.1201    -0.1849     0.2020     0.8229    -0.5311
   80.1594  -218.3390  1725.0657     0.0736    -0.5554    -0.8283    -0.9798    -0.1953     0.0439    -0.1862     0.8083    -0.5586
   80.1729  -218.4500  1724.9008     0.0620    -0.5593    -0.8266    -0.8826    -0.4174     0.2162    -0.4660     0.7162    -0.5195
   80.1846  -218.5653  1724.7317     0.0530    -0.5659    -0.8227    -0.5631    -0.6974     0.4434    -0.8247     0.4398    -0.3557
   80.1952  -218.6855  1724.5588     0.0479    -0.5744    -0.8172    -0.3298    -0.7813     0.5299    -0.9428     0.2441    -0.2269
   80.2052  -218.8109  1724.3827     0.0447    -0.5848    -0.8099    -0.1806    -0.8021     0.5692    -0.9825     0.1209    -0.1415
   80.2149  -218.9416  1724.2044     0.0435    -0.5963    -0.8015     0.0137    -0.8019     0.5973    -0.9990    -0.0369    -0.0267
   80.2247  -219.0771  1724.0250     0.0436    -0.6080    -0.7928     0.0097    -0.7932     0.6088    -0.9990    -0.0343    -0.0287
   80.2347  -219.2168  1723.8457     0.0445    -0.6201    -0.7832     0.1024    -0.7770     0.6211    -0.9937    -0.1078     0.0289
   80.2451  -219.3596  1723.6682     0.0469    -0.6320    -0.7736     0.2137    -0.7501     0.6258    -0.9758    -0.1946     0.0998
   80.2560  -219.5040  1723.4940     0.0489    -0.6428    -0.7645     0.0532    -0.7627     0.6446    -0.9974    -0.0722    -0.0031
   80.2671  -219.6481  1723.3250     0.0516    -0.6534    -0.7553     0.3066    -0.7094     0.6347    -0.9504    -0.2643     0.1637
   80.2786  -219.7900  1723.1632     0.0545    -0.6632    -0.7465     0.0992    -0.7403     0.6649    -0.9936    -0.1103     0.0254
   80.2900  -219.9273  1723.0104     0.0567    -0.6714    -0.7389     0.2741    -0.7012     0.6582    -0.9600    -0.2398     0.1443
   80.3012  -220.0576  1722.8685     0.0593    -0.6790    -0.7317     0.2217    -0.7057     0.6729    -0.9733    -0.2022     0.1087
   80.3119  -220.1784  1722.7396     0.0616    -0.6861    -0.7249     0.2339    -0.6962     0.6787    -0.9703    -0.2114     0.1176
   80.3218  -220.2874  1722.6253     0.0634    -0.6912    -0.7199     0.2704    -0.6825     0.6790    -0.9607    -0.2377     0.1436
   80.3306  -220.3821  1722.5273     0.0657    -0.6962    -0.7149     0.3156    -0.6651     0.6768    -0.9466    -0.2701     0.1760
   80.3381  -220.4607  1722.4471     0.0673    -0.7003    -0.7106     0.1800    -0.6920     0.6991    -0.9814    -0.1750     0.0795
   80.3464  -220.5470  1722.3599     0.0674    -0.7030    -0.7080    -0.3361    -0.6841     0.6473    -0.9394     0.1943    -0.2824

[Main Branch Set] Branch Segment 2:

Point (31.8365, -194.6762, 1728.3866) connects to:
    Branch Segment 3

        Px         Py         Pz         Tx         Ty         Tz         Nx         Ny         Nz        BNx        BNy        BNz
   38.8695  -194.3247  1737.0443    -0.9053     0.3870    -0.1749    -0.4058    -0.9097     0.0876    -0.1252     0.1503     0.9807
   38.6603  -194.2438  1737.0050    -0.9304     0.3242    -0.1709    -0.3333    -0.9424     0.0269    -0.1524     0.0820     0.9849
   38.4988  -194.1918  1736.9756    -0.9446     0.2802    -0.1710    -0.2788    -0.9598    -0.0325    -0.1732     0.0170     0.9847
   38.3352  -194.1472  1736.9460    -0.9557     0.2380    -0.1732    -0.2296    -0.9710    -0.0673    -0.1841    -0.0246     0.9826
   38.1692  -194.1096  1736.9158    -0.9643     0.1976    -0.1763    -0.1848    -0.9790    -0.0860    -0.1896    -0.0503     0.9806
   38.0004  -194.0785  1736.8847    -0.9706     0.1593    -0.1805    -0.1370    -0.9820    -0.1299    -0.1979    -0.1014     0.9750
   37.8287  -194.0535  1736.8523    -0.9743     0.1254    -0.1871    -0.0723    -0.9609    -0.2673    -0.2133    -0.2469     0.9453
   37.6537  -194.0337  1736.8180    -0.9762     0.0955    -0.1950    -0.0478    -0.9706    -0.2359    -0.2117    -0.2210     0.9520
   37.4752  -194.0187  1736.7816    -0.9765     0.0702    -0.2039     0.0320    -0.8878    -0.4591    -0.2132    -0.4548     0.8647
   37.2932  -194.0075  1736.7426    -0.9755     0.0501    -0.2143     0.0558    -0.8858    -0.4608    -0.2129    -0.4614     0.8612
   37.1076  -193.9996  1736.7008    -0.9738     0.0343    -0.2247     0.1271    -0.7371    -0.6637    -0.1884    -0.6749     0.7135
   36.9185  -193.9940  1736.6560    -0.9713     0.0236    -0.2367     0.1794    -0.5806    -0.7942    -0.1561    -0.8138     0.5597
   36.7262  -193.9901  1736.6078    -0.9683     0.0168    -0.2491     0.2334    -0.2932    -0.9271    -0.0886    -0.9559     0.2800
   36.5307  -193.9870  1736.5562    -0.9651     0.0141    -0.2616     0.2579    -0.1236    -0.9582    -0.0459    -0.9922     0.1156
   36.3326  -193.9841  1736.5010    -0.9613     0.0149    -0.2750     0.2705     0.2386    -0.9327     0.0517    -0.9710    -0.2334
   36.1324  -193.9806  1736.4422    -0.9573     0.0188    -0.2886     0.2817     0.2874    -0.9155     0.0657    -0.9576    -0.2804
   35.9306  -193.9760  1736.3797    -0.9526     0.0255    -0.3030     0.2743     0.5019    -0.8202     0.1312    -0.8645    -0.4852
   35.7279  -193.9696  1736.3135    -0.9476     0.0345    -0.3175     0.2901     0.5088    -0.8105     0.1336    -0.8602    -0.4922
   35.5250  -193.9611  1736.2437    -0.9419     0.0453    -0.3329     0.2962     0.5796    -0.7591     0.1586    -0.8136    -0.5593
   35.3229  -193.9500  1736.1702    -0.9351     0.0577    -0.3498     0.3221     0.5504    -0.7703     0.1481    -0.8329    -0.5332
   35.1224  -193.9362  1736.0930    -0.9273     0.0708    -0.3677     0.3419     0.5602    -0.7545     0.1526    -0.8253    -0.5436
   34.9244  -193.9195  1736.0121    -0.9183     0.0850    -0.3865     0.3634     0.5683    -0.7382     0.1569    -0.8184    -0.5528
   34.7298  -193.8998  1735.9276    -0.9079     0.1000    -0.4072     0.3966     0.5195    -0.7569     0.1358    -0.8486    -0.5113
   34.5395  -193.8772  1735.8393    -0.8956     0.1138    -0.4301     0.4357     0.4193    -0.7964     0.0897    -0.9007    -0.4251
   34.3544  -193.8521  1735.7472    -0.8814     0.1278    -0.4547     0.4590     0.4584    -0.7610     0.1112    -0.8795    -0.4627
   34.1754  -193.8245  1735.6512    -0.8643     0.1408    -0.4828     0.5024     0.2844    -0.8165     0.0224    -0.9483    -0.3165
   34.0033  -193.7951  1735.5509    -0.8446     0.1512    -0.5135     0.5351     0.2673    -0.8014     0.0161    -0.9517    -0.3067
   33.8387  -193.7643  1735.4463    -0.8217     0.1604    -0.5469     0.5691     0.1804    -0.8022    -0.0300    -0.9704    -0.2395
   33.6822  -193.7326  1735.3369    -0.7946     0.1665    -0.5839     0.6017     0.0863    -0.7941    -0.0818    -0.9823    -0.1688
   33.5345  -193.7008  1735.2226    -0.7638     0.1685    -0.6231     0.6318    -0.0026    -0.7751    -0.1322    -0.9857    -0.1045
   33.3957  -193.6696  1735.1029    -0.7280     0.1665    -0.6651     0.6647    -0.0666    -0.7442    -0.1682    -0.9838    -0.0622
   33.2663  -193.6397  1734.9774    -0.6875     0.1598    -0.7084     0.6914    -0.1541    -0.7058    -0.2220    -0.9750    -0.0046
   33.1463  -193.6119  1734.8458    -0.6427     0.1476    -0.7518     0.7180    -0.2263    -0.6582    -0.2673    -0.9628     0.0395
   33.0358  -193.5870  1734.7077    -0.5940     0.1304    -0.7938     0.7429    -0.2898    -0.6035    -0.3087    -0.9482     0.0753
   32.9346  -193.5657  1734.5628    -0.5419     0.1078    -0.8335     0.7599    -0.3608    -0.5407    -0.3590    -0.9264     0.1136
   32.8426  -193.5488  1734.4106    -0.4882     0.0812    -0.8690     0.7815    -0.4026    -0.4767    -0.3886    -0.9118     0.1331
   32.7594  -193.5368  1734.2511    -0.4343     0.0509    -0.8993     0.7815    -0.4752    -0.4043    -0.4479    -0.8784     0.1666
   32.6847  -193.5305  1734.0839    -0.3820     0.0182    -0.9240     0.7913    -0.5101    -0.3371    -0.4775    -0.8599     0.1804
   32.6178  -193.5302  1733.9090    -0.3327    -0.0155    -0.9429     0.7805    -0.5657    -0.2662    -0.5293    -0.8245     0.2003
   32.5584  -193.5365  1733.7265    -0.2872    -0.0495    -0.9566     0.7733    -0.6013    -0.2011    -0.5652    -0.7975     0.2110
   32.5057  -193.5495  1733.5366    -0.2473    -0.0819    -0.9655     0.7553    -0.6404    -0.1392    -0.6069    -0.7637     0.2202
   32.4591  -193.5694  1733.3395    -0.2115    -0.1133    -0.9708     0.7336    -0.6747    -0.0811    -0.6458    -0.7293     0.2259
   32.4181  -193.5963  1733.1358    -0.1810    -0.1428    -0.9731     0.6984    -0.7153    -0.0249    -0.6925    -0.6841     0.2292
   32.3819  -193.6300  1732.9261    -0.1559    -0.1694    -0.9731     0.6711    -0.7411     0.0215    -0.7248    -0.6497     0.2292
   32.3499  -193.6702  1732.7113    -0.1345    -0.1944    -0.9717     0.6262    -0.7767     0.0687    -0.7680    -0.5992     0.2262
   32.3216  -193.7167  1732.4923    -0.1173    -0.2170    -0.9691     0.5733    -0.8116     0.1124    -0.8109    -0.5424     0.2196
   32.2963  -193.7688  1732.2704    -0.1037    -0.2372    -0.9659     0.5268    -0.8368     0.1489    -0.8436    -0.4934     0.2118
   32.2736  -193.8260  1732.0468    -0.0924    -0.2555    -0.9624     0.5063    -0.8443     0.1755    -0.8574    -0.4710     0.2074
   32.2531  -193.8874  1731.8230    -0.0841    -0.2712    -0.9588     0.4026    -0.8895     0.2162    -0.9115    -0.3678     0.1840
   32.2343  -193.9521  1731.6007    -0.0778    -0.2860    -0.9551     0.3592    -0.9017     0.2408    -0.9300    -0.3243     0.1729
   32.2170  -194.0194  1731.3816    -0.0732    -0.2988    -0.9515     0.2921    -0.9186     0.2660    -0.9536    -0.2585     0.1545
   32.2009  -194.0880  1731.1674    -0.0695    -0.3099    -0.9482     0.3027    -0.9123     0.2759    -0.9505    -0.2679     0.1572
   32.1860  -194.1570  1730.9602    -0.0670    -0.3201    -0.9450     0.1258    -0.9423     0.3103    -0.9898    -0.0981     0.1034
   32.1720  -194.2253  1730.7616    -0.0660    -0.3288    -0.9421     0.0920    -0.9421     0.3224    -0.9936    -0.0653     0.0925
   32.1589  -194.2917  1730.5738    -0.0652    -0.3361    -0.9396     0.1317    -0.9362     0.3257    -0.9891    -0.1025     0.1053
   32.1468  -194.3552  1730.3984    -0.0642    -0.3439    -0.9368     0.0964    -0.9365     0.3372    -0.9933    -0.0686     0.0933
   32.1357  -194.4147  1730.2374    -0.0656    -0.3458    -0.9360    -0.6922     0.6914    -0.2069     0.7187     0.6344    -0.2847
   32.1257  -194.4692  1730.0923    -0.0608    -0.3622    -0.9301     0.2901    -0.8980     0.3308    -0.9551    -0.2497     0.1597
   32.1168  -194.5178  1729.9649    -0.0778    -0.3299    -0.9408    -0.4051     0.8727    -0.2725     0.9110     0.3599    -0.2016
   32.0907  -194.5748  1729.7445    -0.1402    -0.1863    -0.9724    -0.3730     0.9197    -0.1224     0.9172     0.3456    -0.1984
   32.0339  -194.6279  1729.3889    -0.1695    -0.1107    -0.9793    -0.3526     0.9347    -0.0446     0.9203     0.3377    -0.1974
   31.8365  -194.6762  1728.3866    -0.2063    -0.0106    -0.9784    -0.3587     0.9312     0.0656     0.9104     0.3644    -0.1959

[Main Branch Set] Branch Segment 3:

Point (31.8365, -194.6762, 1728.3866) connects from:
    Branch Segment 2

        Px         Py         Pz         Tx         Ty         Tz         Nx         Ny         Nz        BNx        BNy        BNz
   31.8365  -194.6762  1728.3866    -0.0261    -0.9992     0.0287    -0.9701     0.0323     0.2404    -0.2411    -0.0215    -0.9703
   31.8323  -194.8320  1728.3911    -0.0275    -0.9992     0.0290    -0.9828     0.0324     0.1820    -0.1828    -0.0235    -0.9829
   31.8258  -195.0665  1728.3979    -0.0274    -0.9992     0.0288     0.9368    -0.0357    -0.3480     0.3487     0.0175     0.9371
   31.8195  -195.2989  1728.4046    -0.0272    -0.9992     0.0291    -0.7608     0.0396     0.6477    -0.6484    -0.0045    -0.7613
   31.8132  -195.5276  1728.4113    -0.0275    -0.9992     0.0292     0.6746    -0.0401    -0.7371     0.7377    -0.0006     0.6751
   31.8071  -195.7514  1728.4178    -0.0270    -0.9992     0.0290     0.7801    -0.0029     0.6257    -0.6251     0.0395     0.7795
   31.8012  -195.9687  1728.4241    -0.0275    -0.9992     0.0288    -0.8775     0.0104    -0.4794     0.4787    -0.0384    -0.8771
   31.7954  -196.1783  1728.4301    -0.0273    -0.9992     0.0286     0.9751    -0.0203     0.2208    -0.2200     0.0339     0.9749
   31.7900  -196.3789  1728.4359    -0.0270    -0.9992     0.0292    -0.7833     0.0393     0.6205    -0.6211    -0.0062    -0.7837
   31.7848  -196.5693  1728.4415    -0.0274    -0.9992     0.0293     0.3208    -0.0365    -0.9465     0.9468    -0.0165     0.3215
   31.7799  -196.7482  1728.4467    -0.0275    -0.9992     0.0289    -0.9538     0.0176    -0.2998     0.2991    -0.0358    -0.9536
   31.7753  -196.9145  1728.4515    -0.0278    -0.9992     0.0288    -0.7864     0.0040    -0.6178     0.6172    -0.0398    -0.7858
   31.7711  -197.0673  1728.4559    -0.0268    -0.9992     0.0288     0.9994    -0.0262     0.0217    -0.0209     0.0293     0.9994
   31.7674  -197.2056  1728.4599    -0.0273    -0.9992     0.0292    -0.9534     0.0348     0.2997    -0.3005    -0.0196    -0.9536
   31.7640  -197.3285  1728.4635    -0.0274    -0.9992     0.0292     0.9490    -0.0352    -0.3133     0.3141     0.0191     0.9492
   31.7611  -197.4353  1728.4666    -0.0271    -0.9992     0.0288    -0.6282    -0.0054    -0.7780     0.7776    -0.0391    -0.6276
   31.7576  -197.5617  1728.4702    -0.0286    -0.9992     0.0281    -0.9615     0.0198    -0.2740     0.2732    -0.0349    -0.9613

[Main Branch Set] Branch Segment 4:


        Px         Py         Pz         Tx         Ty         Tz         Nx         Ny         Nz        BNx        BNy        BNz
   77.4032  -163.4362  1715.5290    -0.8441     0.5180    -0.1386    -0.4892    -0.6381     0.5946     0.2195     0.5697     0.7920
   77.2796  -163.3605  1715.5088    -0.8452     0.5164    -0.1375    -0.5185    -0.7303     0.4447     0.1292     0.4471     0.8851
   77.1441  -163.2780  1715.4869    -0.8471     0.5137    -0.1360    -0.5229    -0.7603     0.3853     0.0945     0.3975     0.9127
   77.0306  -163.2094  1715.4688    -0.8488     0.5114    -0.1343    -0.4676    -0.6075     0.6421     0.2468     0.6078     0.7548
   76.9010  -163.1316  1715.4485    -0.8509     0.5085    -0.1318    -0.5006    -0.7087     0.4972     0.1594     0.4890     0.8576
   76.7567  -163.0458  1715.4264    -0.8533     0.5051    -0.1293    -0.4817    -0.6688     0.5663     0.1996     0.5455     0.8140
   76.5990  -162.9529  1715.4028    -0.8560     0.5014    -0.1263    -0.4853    -0.6948     0.5308     0.1784     0.5156     0.8381
   76.4292  -162.8541  1715.3782    -0.8592     0.4969    -0.1221    -0.4355    -0.5847     0.6845     0.2687     0.6412     0.7188
   76.2491  -162.7506  1715.3532    -0.8626     0.4922    -0.1166    -0.4241    -0.5782     0.6970     0.2757     0.6507     0.7075
   76.0600  -162.6436  1715.3284    -0.8668     0.4862    -0.1105    -0.4588    -0.6910     0.5586     0.1952     0.5349     0.8220
   75.8637  -162.5345  1715.3042    -0.8712     0.4799    -0.1030    -0.3607    -0.4837     0.7974     0.3329     0.7319     0.5945
   75.6616  -162.4243  1715.2815    -0.8764     0.4724    -0.0934    -0.4129    -0.6374     0.6506     0.2478     0.6087     0.7537
   75.4553  -162.3145  1715.2608    -0.8822     0.4637    -0.0825    -0.3463    -0.5199     0.7809     0.3192     0.7174     0.6192
   75.2463  -162.2061  1715.2429    -0.8882     0.4542    -0.0689    -0.3425    -0.5548     0.7582     0.3061     0.6971     0.6484
   75.0361  -162.1003  1715.2285    -0.8949     0.4431    -0.0526    -0.3009    -0.5122     0.8044     0.3295     0.7357     0.5917
   74.8259  -161.9981  1715.2184    -0.9022     0.4300    -0.0334    -0.2949    -0.5584     0.7754     0.3148     0.7094     0.6306
   74.6170  -161.9006  1715.2132    -0.9095     0.4155    -0.0109    -0.2345    -0.4913     0.8388     0.3432     0.7655     0.5443
   74.4106  -161.8085  1715.2137    -0.9170     0.3985     0.0161    -0.2215    -0.5424     0.8104     0.3317     0.7395     0.5857
   74.2076  -161.7228  1715.2206    -0.9243     0.3786     0.0475    -0.1664    -0.5120     0.8427     0.3434     0.7711     0.5362
   74.0088  -161.6440  1715.2345    -0.9308     0.3559     0.0830    -0.1368    -0.5500     0.8239     0.3389     0.7556     0.5606
   73.8149  -161.5728  1715.2559    -0.9361     0.3289     0.1247    -0.0752    -0.5333     0.8426     0.3437     0.7794     0.5239
   73.6266  -161.5097  1715.2856    -0.9387     0.2990     0.1718    -0.0182    -0.5404     0.8412     0.3443     0.7865     0.5127
   73.4443  -161.4549  1715.3238    -0.9384     0.2640     0.2228     0.0272    -0.5865     0.8095     0.3444     0.7657     0.5433
   73.2681  -161.4089  1715.3709    -0.9336     0.2246     0.2791     0.1116    -0.5580     0.8223     0.3405     0.7989     0.4959
   73.0984  -161.3717  1715.4273    -0.9232     0.1813     0.3388     0.1679    -0.6029     0.7800     0.3457     0.7769     0.5262
   72.9351  -161.3435  1715.4931    -0.9068     0.1349     0.3993     0.2518    -0.5865     0.7699     0.3380     0.7987     0.4979
   72.7782  -161.3241  1715.5683    -0.8840     0.0855     0.4596     0.3101    -0.6285     0.7133     0.3498     0.7731     0.5291
   72.6274  -161.3137  1715.6530    -0.8551     0.0354     0.5172     0.3971    -0.5966     0.6974     0.3332     0.8017     0.4962
   72.4826  -161.3118  1715.7469    -0.8218    -0.0140     0.5696     0.4426    -0.6452     0.6227     0.3588     0.7639     0.5364
   72.3433  -161.3185  1715.8498    -0.7848    -0.0623     0.6167     0.5196    -0.6086     0.5997     0.3379     0.7910     0.5100
   72.2093  -161.3333  1715.9614    -0.7465    -0.1062     0.6568     0.5592    -0.6352     0.5328     0.3606     0.7650     0.5336
   72.0800  -161.3559  1716.0811    -0.7091    -0.1477     0.6895     0.5979    -0.6443     0.4769     0.3738     0.7504     0.5451
   71.9550  -161.3861  1716.2084    -0.6729    -0.1850     0.7162     0.6389    -0.6334     0.4367     0.3728     0.7514     0.5444
   71.8339  -161.4233  1716.3426    -0.6400    -0.2174     0.7370     0.6596    -0.6474     0.3818     0.3941     0.7305     0.5577
   71.7161  -161.4671  1716.4831    -0.6103    -0.2468     0.7527     0.6679    -0.6712     0.3215     0.4259     0.6990     0.5745
   71.6012  -161.5172  1716.6291    -0.5847    -0.2733     0.7638     0.6582    -0.7102     0.2497     0.4742     0.6487     0.5952
   71.4887  -161.5731  1716.7797    -0.5630    -0.2960     0.7716     0.6844    -0.6903     0.2346     0.4632     0.6602     0.5912
   71.3782  -161.6342  1716.9343    -0.5450    -0.3159     0.7767     0.6227    -0.7728     0.1226     0.5615     0.5504     0.6179
   71.2693  -161.7001  1717.0919    -0.5306    -0.3342     0.7790     0.6043    -0.7936     0.0711     0.5944     0.5084     0.6230
   71.1617  -161.7703  1717.2517    -0.5197    -0.3501     0.7794     0.5164    -0.8554    -0.0399     0.6807     0.3817     0.6253
   71.0549  -161.8443  1717.4130    -0.5120    -0.3644     0.7779     0.4169    -0.8972    -0.1459     0.7511     0.2496     0.6112
   70.9487  -161.9217  1717.5750    -0.5067    -0.3772     0.7752     0.3197    -0.9173    -0.2374     0.8007     0.1276     0.5854
   70.8429  -162.0019  1717.7370    -0.5040    -0.3885     0.7714     0.1044    -0.9140    -0.3921     0.8574    -0.1171     0.5012
   70.7372  -162.0845  1717.8984    -0.5035    -0.3982     0.7668    -0.0176    -0.8825    -0.4699     0.8638    -0.2501     0.4373
