Legend
======
Order:       curve order
Px,Py,Pz:    coordinates of point P on the centerline
Tx,Ty,Tz:    coordinates of the direction of the Tangent vector to point P
Nx,Ny,Nz:    coordinates of the direction of the Normal vector to point P
BNx,BNy,BNz: coordinates of the direction of the Binormal vector to point P
Dfit:        diameter of the best fit circle in point P
Dmin:        diameter of the inscribing circle in point P
Dmax:        diameter of the subscribing circle in point P
C:           curvature in point P
Dh:          hydraulic diameter in point P
Xh:          hydraulic ratio in point P
Scf:         distance of circumference in point P
Area:        sectional area in point P
E:           ellipticity in point P


Order: Cubic

[Main Branch Set] Branch Segment 1:

Point (26.9037, -201.4906, 1864.2808) connects to:
    Branch Segment 2
    Branch Segment 5

        Px         Py         Pz         Tx         Ty         Tz         Nx         Ny         Nz        BNx        BNy        BNz       Dfit       Dmin       Dmax          C         Dh         Xh        Scf       Area          E
   18.1390  -208.6233  1858.6885     0.2312     0.9719    -0.0440    -0.1365     0.0772     0.9876     0.9633    -0.2224     0.1505    11.2274     6.2271    19.4753        n/a     8.5392     0.4385    39.2969    83.8912     0.9172
   18.1755  -208.4694  1858.6822     0.2299     0.9726    -0.0356    -0.1903     0.0808     0.9784     0.9544    -0.2181     0.2037    11.2357     6.2798    19.4532     0.0534     8.5570     0.4399    39.3159    84.1067     0.9166
   18.2135  -208.3079  1858.6770     0.2279     0.9733    -0.0271    -0.2417     0.0835     0.9667     0.9432    -0.2138     0.2543    11.2467     6.3327    19.4315     0.0529     8.5778     0.4414    39.3381    84.3590     0.9159
   18.2480  -208.1600  1858.6735     0.2264     0.9738    -0.0189    -0.1479     0.0536     0.9875     0.9627    -0.2208     0.1562    11.2561     6.3785    19.4135     0.0568     8.5992     0.4430    39.3528    84.6011     0.9153
   18.2740  -208.0478  1858.6717     0.2248     0.9743    -0.0123    -0.3339     0.0889     0.9384     0.9154    -0.2068     0.3453    11.2604     6.4116    19.4235     0.0615     8.5983     0.4427    39.4196    84.7356     0.9149
   18.3020  -207.9258  1858.6706     0.2228     0.9748    -0.0053    -0.1760     0.0456     0.9833     0.9588    -0.2182     0.1817    11.2640     6.4468    19.4364     0.0551     8.5936     0.4421    39.5157    84.8958     0.9144
   18.3319  -207.7945  1858.6704     0.2211     0.9753     0.0025    -0.2618     0.0568     0.9634     0.9395    -0.2136     0.2679    11.2688     6.4826    19.4513     0.0653     8.5869     0.4415    39.6182    85.0498     0.9139
   18.3635  -207.6543  1858.6714     0.2187     0.9757     0.0112    -0.2542     0.0459     0.9661     0.9421    -0.2142     0.2580    11.2762     6.5177    19.4695     0.0596     8.5756     0.4405    39.7480    85.2158     0.9133
   18.3967  -207.5055  1858.6738     0.2169     0.9760     0.0204    -0.1369     0.0097     0.9905     0.9665    -0.2176     0.1358    11.2878     6.5482    19.4901     0.0634     8.5802     0.4402    39.8257    85.4279     0.9126
   18.4314  -207.3488  1858.6779     0.2153     0.9761     0.0308    -0.1762     0.0078     0.9843     0.9605    -0.2173     0.1736    11.3035     6.5771    19.5136     0.0677     8.5906     0.4402    39.8891    85.6675     0.9120
   18.4674  -207.1846  1858.6840     0.2125     0.9763     0.0416    -0.3203     0.0294     0.9468     0.9232    -0.2145     0.3190    11.3211     6.5996    19.5418     0.0654     8.5993     0.4400    39.9645    85.9165     0.9113
   18.5044  -207.0134  1858.6923     0.2099     0.9763     0.0534    -0.1231    -0.0278     0.9920     0.9699    -0.2148     0.1144    11.3428     6.6082    19.5741     0.0732     8.6148     0.4401    40.0360    86.2250     0.9104
   18.5424  -206.8358  1858.7032     0.2076     0.9760     0.0663    -0.2200    -0.0195     0.9753     0.9532    -0.2171     0.2106    11.3650     6.6298    19.5241     0.0712     8.6467     0.4429    40.0627    86.6030     0.9093
   18.5812  -206.6522  1858.7169     0.2049     0.9756     0.0792    -0.1995    -0.0376     0.9792     0.9582    -0.2164     0.1869    11.3892     6.6748    19.4583     0.0693     8.6809     0.4461    40.1005    87.0276     0.9079
   18.6206  -206.4634  1858.7336     0.2022     0.9748     0.0938    -0.1630    -0.0609     0.9847     0.9657    -0.2144     0.1466    11.4179     6.7159    19.3954     0.0835     8.7151     0.4493    40.1650    87.5102     0.9063
   18.6605  -206.2698  1858.7538     0.1994     0.9738     0.1093    -0.1972    -0.0694     0.9779     0.9599    -0.2165     0.1782    11.4401     6.7528    19.3287     0.0755     8.7508     0.4527    40.2308    88.0126     0.9044
   18.7007  -206.0721  1858.7776     0.1964     0.9725     0.1254    -0.1612    -0.0942     0.9824     0.9672    -0.2132     0.1382    11.4495     6.7860    19.2600     0.0869     8.7950     0.4566    40.2411    88.4798     0.9017
   18.7411  -205.8707  1858.8054     0.1933     0.9707     0.1426    -0.1999    -0.1033     0.9743     0.9606    -0.2168     0.1741    11.4608     6.8181    19.1942     0.0824     8.8397     0.4605    40.2711    88.9961     0.8985
   18.7815  -205.6664  1858.8373     0.1904     0.9685     0.1606    -0.1136    -0.1407     0.9835     0.9751    -0.2055     0.0832    11.4677     6.8451    19.1330     0.0916     8.8934     0.4648    40.2388    89.4644     0.8951
   18.8219  -205.4597  1858.8737     0.1873     0.9656     0.1802    -0.2009    -0.1419     0.9693     0.9615    -0.2177     0.1675    11.4642     6.8659    19.0767     0.0964     8.9461     0.4690    40.1569    89.8124     0.8915
   18.8620  -205.2513  1858.9148     0.1841     0.9624     0.1999    -0.1111    -0.1818     0.9771     0.9766    -0.2020     0.0734    11.4583     6.8922    19.0282     0.0917     8.9908     0.4725    40.0881    90.1061     0.8873
   18.9019  -205.0416  1858.9607     0.1812     0.9583     0.2210    -0.1535    -0.1944     0.9688     0.9714    -0.2095     0.1119    11.4497     6.9138    18.9864     0.1065     9.0284     0.4755    40.0275    90.3460     0.8827
   18.9414  -204.8313  1859.0118     0.1781     0.9534     0.2435    -0.1131    -0.2260     0.9675     0.9775    -0.1998     0.0676    11.4350     6.9283    18.9521     0.1049     9.0629     0.4782    39.9399    90.4925     0.8775
   18.9805  -204.6209  1859.0682     0.1752     0.9478     0.2663    -0.1322    -0.2454     0.9604     0.9756    -0.2034     0.0823    11.4122     6.9364    18.8479     0.1088     9.1160     0.4837    39.7613    90.6156     0.8715
   19.0191  -204.4110  1859.1300     0.1724     0.9413     0.2902    -0.0899    -0.2783     0.9563     0.9809    -0.1910     0.0367    11.3762     6.9408    18.6034     0.1158     9.1952     0.4943    39.4921    90.7845     0.8641
   19.0572  -204.2022  1859.1974     0.1696     0.9337     0.3152    -0.1265    -0.2966     0.9466     0.9774    -0.2004     0.0678    11.3295     6.9484    18.2572     0.1203     9.2937     0.5090    39.1497    90.9614     0.8552
   19.0947  -203.9950  1859.2705     0.1673     0.9252     0.3407    -0.0444    -0.3382     0.9400     0.9849    -0.1724    -0.0155    11.2793     6.9630    17.8458     0.1225     9.3934     0.5264    38.7744    91.0562     0.8449
   19.1318  -203.7898  1859.3494     0.1653     0.9153     0.3673    -0.0951    -0.3559     0.9297     0.9817    -0.1886     0.0283    11.2397     6.9900    17.6368     0.1326     9.4521     0.5359    38.5303    91.0484     0.8339
   19.1683  -203.5873  1859.4342     0.1629     0.9043     0.3947    -0.0648    -0.3894     0.9188     0.9845    -0.1752    -0.0049    11.2205     7.0089    17.5833     0.1337     9.5100     0.5409    38.3958    91.2854     0.8214
   19.2043  -203.3878  1859.5249     0.1615     0.8921     0.4221    -0.0311    -0.4229     0.9056     0.9864    -0.1593    -0.0405    11.2183     7.0185    17.5936     0.1365     9.5637     0.5436    38.3634    91.7244     0.8077
   19.2399  -203.1919  1859.6214     0.1602     0.8783     0.4505    -0.0468    -0.4491     0.8922     0.9860    -0.1640    -0.0308    11.1926     7.0239    17.3670     0.1492     9.6637     0.5564    38.1412    92.1462     0.7895
   19.2751  -203.0000  1859.7239     0.1595     0.8629     0.4795     0.0011    -0.4859     0.8740     0.9872    -0.1389    -0.0784    11.1847     7.0197    17.0993     0.1489     9.7353     0.5693    38.0552    92.6195     0.7679
   19.3101  -202.8124  1859.8323     0.1594     0.8463     0.5083    -0.0027    -0.5145     0.8575     0.9872    -0.1381    -0.0798    11.2492     6.9895    17.0005     0.1542     9.8449     0.5791    38.2483    94.1378     0.7456
   19.3449  -202.6296  1859.9464     0.1594     0.8284     0.5370     0.0021    -0.5443     0.8389     0.9872    -0.1326    -0.0885    11.3334     6.9531    16.9569     0.1561    10.0230     0.5911    38.3982    96.2163     0.7209
   19.3796  -202.4519  1860.0661     0.1607     0.8085     0.5661     0.0670    -0.5812     0.8110     0.9847    -0.0924    -0.1476    11.3693     6.9579    17.3458     0.1687    10.1934     0.5877    38.3264    97.6693     0.6860
   19.4145  -202.2797  1860.1914     0.1625     0.7873     0.5948     0.0348    -0.6070     0.7939     0.9861    -0.1083    -0.1260    11.3823     6.8972    17.8085     0.1627    10.3268     0.5799    38.1831    98.5774     0.6386
   19.4496  -202.1132  1860.3220     0.1652     0.7646     0.6230     0.1105    -0.6421     0.7587     0.9800    -0.0565    -0.1906    11.3955     6.8279    18.5420     0.1760    10.3425     0.5578    38.2762    98.9680     0.5855
   19.4852  -201.9528  1860.4578     0.1685     0.7402     0.6509     0.0644    -0.6672     0.7421     0.9836    -0.0831    -0.1601    11.3025     6.7528    18.2596     0.1731    10.3966     0.5694    37.7758    98.1849     0.4989
   19.5213  -201.7986  1860.5986     0.1729     0.7147     0.6778     0.1692    -0.6994     0.6944     0.9703    -0.0053    -0.2419    11.1461     6.6698    17.9562     0.1797    10.2344     0.5700    37.4106    95.7186     0.4046
   19.5583  -201.6510  1860.7440     0.1784     0.6877     0.7038     0.1204    -0.7251     0.6780     0.9766    -0.0362    -0.2122    10.7764     6.5877    16.1290     0.1807    10.0824     0.6251    35.8769    90.4314     0.4500
   19.5962  -201.5101  1860.8938     0.1847     0.6596     0.7286     0.2091    -0.7507     0.6267     0.9603     0.0366    -0.2765    10.3359     6.4981    16.4518     0.1826     9.5873     0.5827    34.5304    82.7629     0.5578
   19.6354  -201.3760  1861.0477     0.1925     0.6303     0.7521     0.1983    -0.7756     0.5993     0.9611     0.0338    -0.2742     9.4614     6.4594    13.0432     0.1867     9.0884     0.6968    30.8321    70.0535     0.4802
   19.6760  -201.2490  1861.2053     0.2012     0.5998     0.7744     0.2518    -0.7957     0.5508     0.9466     0.0842    -0.3112     8.8445     6.4555    11.5216     0.1899     8.4706     0.7352    28.8843    61.1666     0.4689
   19.7183  -201.1291  1861.3664     0.2109     0.5685     0.7952     0.2491    -0.8179     0.5187     0.9452     0.0887    -0.3141     8.3155     6.4337    10.5786     0.1880     8.0954     0.7653    26.6956    54.0279     0.4896
   19.7624  -201.0164  1861.5305     0.2222     0.5367     0.8140     0.3311    -0.8268     0.4548     0.9171     0.1684    -0.3614     8.0177     6.3675    10.0326     0.1911     7.7939     0.7769    25.7622    50.1968     0.5016
   19.8087  -200.9109  1861.6972     0.2347     0.5043     0.8310     0.3159    -0.8480     0.4255     0.9193     0.1627    -0.3583     7.7431     6.2737     9.2497     0.1907     7.5432     0.8155    24.8533    46.8685     0.4887
   19.8573  -200.8127  1861.8661     0.2487     0.4708     0.8465     0.3923    -0.8480     0.3564     0.8856     0.2434    -0.3956     7.5022     6.1536     8.5083     0.2022     7.2643     0.8538    24.2617    44.0614     0.4732
   19.9086  -200.7219  1862.0368     0.2639     0.4372     0.8598     0.3822    -0.8658     0.3230     0.8856     0.2434    -0.3956     7.3479     5.9958     8.2191     0.1896     7.1880     0.8745    23.4916    42.2143     0.4950
   19.9626  -200.6383  1862.2088     0.2802     0.4039     0.8709     0.4538    -0.8551     0.2506     0.8459     0.3250    -0.4229     7.2367     5.8337     8.1957     0.2006     7.1047     0.8669    23.0574    40.9538     0.5187
   20.0197  -200.5619  1862.3817     0.2981     0.3698     0.8800     0.4552    -0.8654     0.2095     0.8390     0.3381    -0.4264     7.1422     5.6860     8.1719     0.1999     7.0138     0.8583    22.7426    39.8777     0.5374
   20.0800  -200.4927  1862.5550     0.3172     0.3358     0.8869     0.5057    -0.8510     0.1414     0.8023     0.4037    -0.4398     7.0479     5.5353     8.1460     0.2046     6.9132     0.8487    22.4539    38.8070     0.5552
   20.1438  -200.4306  1862.7282     0.3383     0.3019     0.8913     0.5423    -0.8366     0.0775     0.7691     0.4571    -0.4467     6.9464     5.3815     8.1192     0.2081     6.8086     0.8386    22.1402    37.6861     0.5680
   20.2113  -200.3755  1862.9007     0.3603     0.2683     0.8934     0.5517    -0.8336     0.0278     0.7522     0.4828    -0.4483     6.8586     5.3169     8.0939     0.2085     6.7200     0.8303    21.8515    36.7105     0.5828
   20.2827  -200.3272  1863.0723     0.3837     0.2346     0.8932     0.5875    -0.8083    -0.0401     0.7125     0.5401    -0.4480     6.7881     5.3025     8.0741     0.2191     6.6329     0.8215    21.6657    35.9265     0.5934
   20.3581  -200.2857  1863.2422     0.4079     0.2013     0.8905     0.5866    -0.8053    -0.0867     0.6997     0.5577    -0.4466     6.7083     5.1335     8.0520     0.2142     6.5305     0.8110    21.4660    35.0460     0.6063
   20.4376  -200.2507  1863.4101     0.4338     0.1691     0.8850     0.6500    -0.7389    -0.1775     0.6239     0.6523    -0.4305     6.6114     4.9547     8.1594     0.2282     6.4148     0.7862    21.2052    34.0070     0.6182
   20.5216  -200.2220  1863.5754     0.4614     0.1365     0.8766     0.6181    -0.7583    -0.2072     0.6365     0.6374    -0.4343     6.5144     4.7745     8.2516     0.2352     6.2915     0.7625    20.9355    32.9290     0.6284
   20.6100  -200.1996  1863.7376     0.4888     0.1047     0.8661     0.6459    -0.7107    -0.2786     0.5864     0.6956    -0.4150     6.4093     4.5343     8.1042     0.2307     6.1668     0.7609    20.6451    31.8283     0.6377
   20.7029  -200.1831  1863.8963     0.5180     0.0739     0.8522     0.6603    -0.6678    -0.3435     0.5437     0.7407    -0.3947     6.3079     4.2940     7.9507     0.2539     6.0649     0.7628    20.3456    30.8485     0.6361
   20.8006  -200.1724  1864.0510     0.5476     0.0429     0.8357     0.6273    -0.6820    -0.3760     0.5538     0.7301    -0.4004     6.2158     4.0878     7.9243     0.2467     5.9682     0.7532    20.0895    29.9748     0.6310
   20.9029  -200.1673  1864.2013     0.5779     0.0136     0.8160     0.6702    -0.5784    -0.4651     0.4656     0.8157    -0.3434     6.1381     3.9637     7.8925     0.2668     5.8867     0.7459    19.8574    29.2238     0.6318
   21.0101  -200.1674  1864.3466     0.6089    -0.0149     0.7931     0.6217    -0.6121    -0.4887     0.4928     0.7906    -0.3634     6.0886     3.9165     7.8587     0.2633     5.8382     0.7429    19.7059    28.7618     0.6224
   21.1220  -200.1726  1864.4866     0.6397    -0.0427     0.7675     0.6369    -0.5295    -0.5604     0.4303     0.8473    -0.3115     6.0493     3.8825     7.8230     0.2822     5.8197     0.7439    19.5490    28.4426     0.6023
   21.2388  -200.1826  1864.6208     0.6708    -0.0695     0.7383     0.6002    -0.5338    -0.5956     0.4355     0.8427    -0.3164     6.0026     3.8571     7.7846     0.2833     5.7778     0.7422    19.4077    28.0336     0.5832
   21.3603  -200.1972  1864.7488     0.7013    -0.0948     0.7065     0.5977    -0.4618    -0.6554     0.3884     0.8819    -0.2672     5.9682     3.8451     7.7370     0.2914     5.7394     0.7418    19.3299    27.7357     0.5634
   21.4866  -200.2160  1864.8703     0.7314    -0.1184     0.6716     0.5639    -0.4488    -0.6932     0.3835     0.8858    -0.2615     5.9506     3.7941     7.6785     0.2957     5.7232     0.7454    19.2902    27.6004     0.5340
   21.6175  -200.2388  1864.9849     0.7604    -0.1413     0.6339     0.5337    -0.4202    -0.7339     0.3701     0.8963    -0.2441     5.9087     3.7634     7.6421     0.3058     5.6751     0.7426    19.1851    27.2192     0.5251
   21.7530  -200.2654  1865.0923     0.7884    -0.1622     0.5934     0.5129    -0.3593    -0.7797     0.3396     0.9190    -0.2000     5.8637     3.6294     7.5975     0.3069     5.6001     0.7371    19.1483    26.8083     0.5150
   21.8929  -200.2954  1865.1921     0.8150    -0.1818     0.5502     0.4651    -0.3610    -0.8083     0.3456     0.9147    -0.2097     5.8234     3.6645     7.5562     0.3165     5.5486     0.7343    19.0743    26.4587     0.5008
   22.0372  -200.3287  1865.2841     0.8399    -0.1994     0.5048     0.4446    -0.2807    -0.8506     0.3113     0.9389    -0.1471     5.7922     3.7361     7.5180     0.3109     5.5010     0.7317    19.0524    26.2021     0.4799
   22.1856  -200.3648  1865.3680     0.8627    -0.2151     0.4576     0.3900    -0.2929    -0.8730     0.3218     0.9316    -0.1688     5.7928     3.8831     7.4659     0.3175     5.5041     0.7372    19.0529    26.2173     0.4263
   22.3379  -200.4036  1865.4436     0.8832    -0.2291     0.4092     0.3626    -0.2196    -0.9057     0.2973     0.9483    -0.1109     5.7880     4.0479     7.3950     0.3074     5.5252     0.7471    18.9745    26.2093     0.3889
   22.4940  -200.4447  1865.5108     0.9017    -0.2410     0.3588     0.3107    -0.2156    -0.9257     0.3005     0.9463    -0.1195     5.7976     4.1679     7.3035     0.3216     5.5445     0.7592    18.9887    26.3209     0.3393
   22.6536  -200.4879  1865.5692     0.9179    -0.2508     0.3075     0.2799    -0.1399    -0.9498     0.2812     0.9579    -0.0582     5.8135     4.2018     7.1786     0.3030     5.5482     0.7729    19.1042    26.4985     0.2766
   22.8166  -200.5328  1865.6189     0.9313    -0.2589     0.2564     0.2198    -0.1621    -0.9620     0.2906     0.9522    -0.0941     5.8335     4.2003     7.0380     0.3031     5.5516     0.7888    19.2511    26.7185     0.2633
   22.9825  -200.5793  1865.6597     0.9422    -0.2656     0.2042     0.1869    -0.0892    -0.9783     0.2781     0.9599    -0.0343     5.8636     4.4180     7.0217     0.3048     5.6228     0.8008    19.2008    26.9904     0.2878
   23.1511  -200.6270  1865.6914     0.9508    -0.2698     0.1522     0.1384    -0.0695    -0.9879     0.2772     0.9604    -0.0287     5.9061     4.8960     6.9826     0.2896     5.7030     0.8167    19.2062    27.3832     0.2976
   23.3223  -200.6757  1865.7141     0.9568    -0.2726     0.1008     0.0940    -0.0381    -0.9948     0.2751     0.9614    -0.0108     5.9498     5.0095     6.9186     0.2878     5.7434     0.8301    19.3617    27.8003     0.3081
   23.4955  -200.7251  1865.7277     0.9604    -0.2742     0.0501     0.0459    -0.0218    -0.9987     0.2749     0.9614    -0.0084     5.9915     5.1373     6.8535     0.2752     5.7837     0.8439    19.4704    28.1525     0.3153
   23.6705  -200.7750  1865.7323     0.9619    -0.2734     0.0006     0.0155     0.0524    -0.9985     0.2730     0.9605     0.0546     6.0220     5.2750     6.8251     0.2695     5.8219     0.8530    19.5308    28.4265     0.3222
   23.8471  -200.8250  1865.7279     0.9613    -0.2714    -0.0484    -0.0419     0.0296    -0.9987     0.2725     0.9620     0.0171     6.0477     5.3336     6.7866     0.2648     5.8567     0.8630    19.5709    28.6552     0.3320
   24.0248  -200.8750  1865.7145     0.9586    -0.2683    -0.0959    -0.0706     0.1024    -0.9922     0.2760     0.9579     0.0792     6.0727     5.3810     6.7983     0.2511     5.9205     0.8709    19.5081    28.8743     0.3612
   24.2032  -200.9246  1865.6923     0.9541    -0.2636    -0.1420    -0.1202     0.0971    -0.9880     0.2743     0.9597     0.0610     6.0979     5.4285     6.8577     0.2480     5.9551     0.8684    19.5582    29.1175     0.3858
   24.3822  -200.9737  1865.6613     0.9479    -0.2577    -0.1871    -0.1479     0.1640    -0.9753     0.2820     0.9522     0.1174     6.1259     5.3157     7.0458     0.2400     5.9808     0.8488    19.6563    29.3903     0.4077
   24.5612  -201.0219  1865.6217     0.9401    -0.2512    -0.2303    -0.2038     0.1271    -0.9707     0.2731     0.9596     0.0683     6.1600     5.1988     7.2737     0.2287     6.0194     0.8276    19.7489    29.7193     0.4377
   24.7399  -201.0692  1865.5737     0.9310    -0.2434    -0.2721    -0.2166     0.2318    -0.9484     0.2939     0.9418     0.1630     6.2086     5.0742     7.5327     0.2276     6.0777     0.8068    19.8642    30.1822     0.4726
   24.9181  -201.1151  1865.5174     0.9206    -0.2339    -0.3126    -0.2660     0.2103    -0.9407     0.2857     0.9493     0.1314     6.2911     4.9770     7.8475     0.2182     6.1610     0.7851    20.1156    30.9831     0.5061
   25.0953  -201.1595  1865.4531     0.9091    -0.2245    -0.3509    -0.2945     0.2491    -0.9226     0.2945     0.9421     0.1604     6.3990     4.9850     8.2357     0.2054     6.2597     0.7601    20.4570    32.0135     0.5377
   25.2712  -201.2022  1865.3811     0.8963    -0.2136    -0.3886    -0.3261     0.2761    -0.9041     0.3004     0.9371     0.1778     6.5092     4.9294     8.6427     0.2185     6.3536     0.7351    20.8360    33.0959     0.5812
   25.4454  -201.2429  1865.3014     0.8827    -0.2021    -0.4243    -0.3569     0.2992    -0.8849     0.3058     0.9325     0.1919     6.6063     4.8584     9.0017     0.1896     6.4271     0.7140    21.1854    34.0400     0.6280
   25.6177  -201.2815  1865.2146     0.8683    -0.1898    -0.4583    -0.3823     0.3324    -0.8622     0.3160     0.9238     0.2161     6.7084     4.7979     9.3387     0.2054     6.5217     0.6984    21.4752    35.0139     0.6588
   25.7877  -201.3177  1865.1207     0.8525    -0.1768    -0.4918    -0.4187     0.3321    -0.8452     0.3127     0.9265     0.2091     6.8177     4.7776     9.7078     0.1930     6.6002     0.6799    21.8814    36.1052     0.6803
   25.9551  -201.3514  1865.0201     0.8367    -0.1629    -0.5228    -0.4256     0.4073    -0.8081     0.3446     0.8986     0.2714     6.9357     4.7443    10.1121     0.1852     6.6708     0.6597    22.3698    37.3063     0.6948
   26.1197  -201.3823  1864.9132     0.8196    -0.1482    -0.5535    -0.4735     0.3687    -0.7999     0.3226     0.9177     0.2320     7.0632     4.6367    10.4801     0.1982     6.7462     0.6437    22.9033    38.6275     0.7018
   26.2810  -201.4103  1864.8001     0.8019    -0.1330    -0.5824    -0.4744     0.4507    -0.7562     0.3631     0.8827     0.2984     7.1992     4.5293    10.8748     0.1751     6.8244     0.6275    23.4698    40.0417     0.7077
   26.4390  -201.4352  1864.6814     0.7840    -0.1168    -0.6097    -0.5094     0.4403    -0.7393     0.3548     0.8902     0.2857     7.3376     4.5061    11.3090     0.1919     6.9025     0.6104    24.0674    41.5312     0.7186
   26.5933  -201.4568  1864.5572     0.7649    -0.1001    -0.6363    -0.5274     0.4699    -0.7079     0.3698     0.8771     0.3066     7.4609     4.4451    11.7913     0.1771     6.9807     0.5920    24.5681    42.8754     0.7341
   26.7437  -201.4750  1864.4280     0.7455    -0.0824    -0.6614    -0.5417     0.5034    -0.6732     0.3884     0.8601     0.3307     7.3567     4.3926    12.2450     0.1882     6.6140     0.5401    26.5517    43.9036     0.7633
   26.9037  -201.4906  1864.2808     0.7221    -0.0603    -0.6891    -0.5594     0.5351    -0.6330     0.4069     0.8426     0.3527     7.4324     4.3584    12.7357        n/a     6.4444     0.5060    27.9524    45.0342     0.7816

[Main Branch Set] Branch Segment 2:

Point (26.9037, -201.4906, 1864.2808) connects from:
    Branch Segment 1
    Branch Segment 5
Point (41.6099, -213.5885, 1864.5518) connects to:
    Branch Segment 3
    Branch Segment 4

        Px         Py         Pz         Tx         Ty         Tz         Nx         Ny         Nz        BNx        BNy        BNz       Dfit       Dmin       Dmax          C         Dh         Xh        Scf       Area          E
   26.9037  -201.4906  1864.2808     0.7049    -0.6266     0.3323    -0.7007    -0.5430     0.4628    -0.1096    -0.5591    -0.8219     7.4324     4.3584    12.7357        n/a     6.4444     0.5060    27.9524    45.0342     0.7816
   27.3124  -202.2184  1864.7218     0.3738    -0.7887     0.4880     0.9217     0.2571    -0.2905     0.1036     0.5584     0.8231     8.2113     5.4611    11.4842     0.3860     7.3683     0.6416    27.5198    50.6934     0.8251
   27.5300  -202.5431  1864.9145     0.6402    -0.6717     0.3727     0.7547     0.4597    -0.4680     0.1430     0.5810     0.8013     8.2713     5.7116    12.5753     0.5412     7.4159     0.5897    27.8275    51.5912     0.8299
   27.6224  -202.6363  1864.9653     0.6610    -0.6610     0.3552    -0.6624    -0.7364    -0.1375     0.3525    -0.1444    -0.9246     8.2131     5.4990    12.7091     0.0976     7.3384     0.5774    27.7254    50.8648     0.8305
   27.6954  -202.7098  1865.0045     0.6588    -0.6649     0.3520     0.4949     0.0306    -0.8684     0.5666     0.7463     0.3492     8.0691     5.2361    12.2960     0.0510     7.2206     0.5872    27.2768    49.2384     0.8261
   27.7765  -202.7915  1865.0474     0.6610    -0.6657     0.3463     0.1354    -0.3481    -0.9276     0.7380     0.6601    -0.1400     7.9329     4.9724    12.0106     0.0513     7.0961     0.5908    26.8515    47.6351     0.8222
   27.8654  -202.8811  1865.0935     0.6623    -0.6678     0.3398     0.2338    -0.2467    -0.9405     0.7119     0.7023    -0.0072     7.7773     4.6772    11.7351     0.0534     6.9397     0.5914    26.3893    45.7831     0.8206
   27.9617  -202.9782  1865.1423     0.6642    -0.6696     0.3324     0.2482    -0.2219    -0.9430     0.7052     0.7088     0.0188     7.6038     4.3638    11.5319     0.0544     6.7394     0.5844    25.9528    43.7268     0.8200
   28.0651  -203.0824  1865.1933     0.6667    -0.6713     0.3237     0.2989    -0.1570    -0.9413     0.6827     0.7243     0.0960     7.3824     3.9498    11.2570     0.0639     6.4695     0.5747    25.5924    41.3927     0.8201
   28.1752  -203.1932  1865.2459     0.6690    -0.6732     0.3149     0.1759    -0.2682    -0.9472     0.7221     0.6891    -0.0610     7.0895     3.3696    10.6297     0.0488     6.1501     0.5786    25.0478    38.5114     0.8132
   28.2915  -203.3103  1865.2998     0.6708    -0.6758     0.3055     0.1904    -0.2411    -0.9516     0.7167     0.6965    -0.0331     6.7818     2.8310     9.9023     0.0668     5.8630     0.5921    24.4426    35.8266     0.8013
   28.4136  -203.4333  1865.3543     0.6733    -0.6780     0.2948     0.2680    -0.1479    -0.9520     0.6891     0.7200     0.0821     6.6190     3.8295     9.0910     0.0554     5.9161     0.6508    22.6289    33.4689     0.7766
   28.5411  -203.5616  1865.4090     0.6760    -0.6801     0.2837     0.1985    -0.2027    -0.9589     0.7096     0.7046    -0.0020     6.3502     4.1453     7.8997     0.0689     5.8377     0.7390    21.1765    30.9053     0.7354
   28.6735  -203.6948  1865.4632     0.6786    -0.6827     0.2710     0.1836    -0.1995    -0.9625     0.7112     0.7029    -0.0100     6.0848     4.2009     7.4048     0.0658     5.6928     0.7688    20.0157    28.4862     0.6906
   28.8103  -203.8324  1865.5164     0.6815    -0.6850     0.2576     0.2381    -0.1254    -0.9631     0.6920     0.7177     0.0776     5.8511     4.1218     7.1527     0.0721     5.5716     0.7790    19.0154    26.4866     0.6297
   28.9512  -203.9739  1865.5681     0.6844    -0.6871     0.2438     0.1705    -0.1742    -0.9698     0.7088     0.7054    -0.0021     5.6123     4.0743     6.9048     0.0667     5.4000     0.7821    18.1585    24.5138     0.5367
   29.0956  -204.1189  1865.6179     0.6868    -0.6900     0.2286     0.1288    -0.1939    -0.9725     0.7154     0.6973    -0.0443     5.3821     4.0396     6.6556     0.0826     5.2402     0.7873    17.2798    22.6372     0.4182
   29.2430  -204.2670  1865.6651     0.6896    -0.6923     0.2125     0.2204    -0.0789    -0.9722     0.6899     0.7173     0.0981     5.1828     3.9362     6.3418     0.0712     5.0630     0.7983    16.6095    21.0234     0.3112
   29.3931  -204.4175  1865.7095     0.6928    -0.6940     0.1959     0.1651    -0.1117    -0.9799     0.7019     0.7113     0.0372     4.9868     3.8624     6.0350     0.0859     4.8851     0.8095    15.9553    19.4857     0.2701
   29.5455  -204.5701  1865.7505     0.6954    -0.6963     0.1778     0.1080    -0.1433    -0.9838     0.7105     0.7033    -0.0244     4.7987     3.7054     5.7383     0.0819     4.7182     0.8222    15.3037    18.0514     0.3488
   29.6996  -204.7244  1865.7878     0.6979    -0.6983     0.1591     0.1528    -0.0719    -0.9856     0.6997     0.7122     0.0565     4.6447     3.4954     5.5269     0.0894     4.5732     0.8274    14.7844    16.9030     0.4183
   29.8552  -204.8799  1865.8210     0.7010    -0.6995     0.1392     0.1554    -0.0407    -0.9870     0.6960     0.7135     0.0802     4.5260     3.3865     5.4376     0.0919     4.4369     0.8160    14.4537    16.0324     0.4648
   30.0119  -205.0361  1865.8498     0.7034    -0.7008     0.1189     0.0776    -0.0905    -0.9929     0.7066     0.7076    -0.0092     4.4100     3.2700     5.3405     0.0925     4.3063     0.8063    14.1079    15.1881     0.5096
   30.1692  -205.1928  1865.8740     0.7053    -0.7022     0.0976     0.0999    -0.0378    -0.9943     0.7019     0.7110     0.0434     4.2941     3.2236     5.1765     0.0997     4.1777     0.8071    13.7761    14.3882     0.5452
   30.3269  -205.3496  1865.8933     0.7077    -0.7025     0.0753     0.1154     0.0097    -0.9933     0.6970     0.7116     0.0880     4.1579     3.1924     4.8355     0.1008     4.0053     0.8283    13.4639    13.4818     0.5645
   30.4847  -205.5060  1865.9076     0.7096    -0.7026     0.0532     0.0582    -0.0168    -0.9982     0.7022     0.7114     0.0290     3.9986     3.1690     4.7282     0.0991     3.8857     0.8218    12.8342    12.4674     0.6076
   30.6423  -205.6619  1865.9169     0.7110    -0.7026     0.0304     0.0590     0.0166    -0.9981     0.7007     0.7114     0.0532     3.8385     3.0253     4.6803     0.1069     3.6034     0.7699    12.9133    11.6331     0.6662
   30.7994  -205.8169  1865.9210     0.7125    -0.7017     0.0068     0.0684     0.0599    -0.9959     0.6983     0.7100     0.0907     3.7833     3.0619     4.6364     0.1075     3.5884     0.7740    12.4377    11.1580     0.6898
   30.9559  -205.9707  1865.9199     0.7138    -0.7001    -0.0168     0.0466     0.0715    -0.9964     0.6988     0.7105     0.0836     3.7634     3.0595     4.6402     0.1084     3.6087     0.7777    12.1401    10.9524     0.6903
   31.1116  -206.1231  1865.9137     0.7148    -0.6982    -0.0399     0.0326     0.0903    -0.9954     0.6986     0.7102     0.0873     3.7303     2.9544     4.6422     0.1042     3.5799     0.7712    12.0126    10.7509     0.6887
   31.2663  -206.2739  1865.9026     0.7155    -0.6958    -0.0629     0.0268     0.1173    -0.9927     0.6981     0.7086     0.1026     3.6980     2.8870     4.6425     0.1098     3.5498     0.7646    11.9058    10.5657     0.6854
   31.4199  -206.4229  1865.8866     0.7161    -0.6927    -0.0861     0.0245     0.1482    -0.9886     0.6976     0.7058     0.1231     3.6770     2.8444     4.6279     0.1087     3.5297     0.7627    11.8471    10.4541     0.6811
   31.5724  -206.5700  1865.8659     0.7165    -0.6891    -0.1080     0.0202     0.1753    -0.9843     0.6972     0.7031     0.1395     3.6590     2.7993     4.6111     0.0991     3.4909     0.7571    11.8874    10.3744     0.6787
   31.7236  -206.7150  1865.8409     0.7167    -0.6853    -0.1293    -0.0096     0.1757    -0.9844     0.6974     0.7067     0.1193     3.6457     2.7259     4.5167     0.1060     3.4665     0.7675    11.9135    10.3246     0.6756
   31.8735  -206.8579  1865.8117     0.7169    -0.6810    -0.1494     0.0402     0.2543    -0.9663     0.6960     0.6867     0.2097     3.6209     2.6681     4.3709     0.0910     3.4842     0.7971    11.6491    10.1469     0.6920
   32.0222  -206.9986  1865.7788     0.7173    -0.6762    -0.1681    -0.0032     0.2381    -0.9712     0.6968     0.6972     0.1686     3.6049     2.6117     4.3153     0.0957     3.4717     0.8045    11.5712    10.0429     0.7046
   32.1696  -207.1370  1865.7424     0.7179    -0.6709    -0.1857     0.0792     0.3438    -0.9357     0.6916     0.6570     0.2999     3.6039     2.5724     4.4289     0.0832     3.4631     0.7819    11.5795    10.0252     0.7181
   32.3159  -207.2731  1865.7030     0.7185    -0.6658    -0.2011    -0.0083     0.2808    -0.9597     0.6955     0.6912     0.1962     3.6162     2.5781     4.5497     0.0761     3.4693     0.7625    11.6241    10.0820     0.7229
   32.4610  -207.4070  1865.6610     0.7195    -0.6605    -0.2147     0.1463     0.4464    -0.8828     0.6789     0.6038     0.4178     3.6233     2.5893     4.6558     0.0707     3.4607     0.7433    11.6870    10.1113     0.7215
   32.6052  -207.5386  1865.6168     0.7212    -0.6546    -0.2268     0.1054     0.4272    -0.8980     0.6847     0.6237     0.3771     3.6251     2.6042     4.7471     0.0644     3.4582     0.7285    11.7166    10.1295     0.7145
   32.7484  -207.6679  1865.5708     0.7228    -0.6493    -0.2365     0.2028     0.5265    -0.8257     0.6606     0.5489     0.5122     3.6295     2.6261     4.7402     0.0489     3.4593     0.7298    11.7360    10.1494     0.7101
   32.8908  -207.7951  1865.5236     0.7253    -0.6441    -0.2430     0.3815     0.6699    -0.6370     0.5730     0.3693     0.7316     3.5914     2.6637     4.3054     0.0398     3.4297     0.7966    11.6397     9.9802     0.6839
   33.0326  -207.9202  1865.4757     0.7287    -0.6383    -0.2483     0.3976     0.6894    -0.6055     0.5576     0.3425     0.7561     3.5083     2.7064     4.2377     0.0481     3.3550     0.7917    11.3820     9.5467     0.6488
   33.1740  -208.0432  1865.4273     0.7324    -0.6330    -0.2508     0.6710     0.7336     0.1079     0.1157    -0.2473     0.9620     3.5418     2.7496     4.2288     0.0291     3.4015     0.8044    11.4401     9.7283     0.6543
   33.3150  -208.1643  1865.3792     0.7366    -0.6283    -0.2503     0.6563     0.7534     0.0403     0.1633    -0.1940     0.9673     3.5830     2.7719     4.2306     0.0368     3.4600     0.8179    11.5208     9.9656     0.6610
   33.4559  -208.2836  1865.3316     0.7416    -0.6232    -0.2484     0.6600     0.6111     0.4370    -0.1205    -0.4880     0.8645     3.6250     2.7975     4.2485     0.0425     3.5046     0.8249    11.6297    10.1893     0.6707
   33.5969  -208.4012  1865.2850     0.7473    -0.6185    -0.2429     0.5728     0.4143     0.7073    -0.3368    -0.6677     0.6639     3.6633     2.8614     4.2740     0.0562     3.5470     0.8299    11.7367    10.4074     0.6804
   33.7380  -208.5171  1865.2400     0.7533    -0.6140    -0.2358     0.5854     0.4624     0.6659    -0.2998    -0.6397     0.7078     3.6943     2.9218     4.3473     0.0542     3.5758     0.8225    11.8322    10.5775     0.6868
   33.8795  -208.6315  1865.1967     0.7600    -0.6092    -0.2263     0.4960     0.3186     0.8078    -0.4200    -0.7261     0.5443     3.7201     2.9695     4.4787     0.0806     3.5999     0.8038    11.9089    10.7178     0.6897
   34.0216  -208.7445  1865.1557     0.7667    -0.6052    -0.2143     0.4295     0.2354     0.8718    -0.4772    -0.7604     0.4405     3.7408     3.0079     4.5997     0.0738     3.6152     0.7860    11.9880    10.8347     0.6911
   34.1643  -208.8563  1865.1172     0.7737    -0.6009    -0.2006     0.4505     0.2991     0.8412    -0.4455    -0.7412     0.5021     3.7531     3.0412     4.6703     0.0984     3.6199     0.7751    12.0527    10.9073     0.6894
   34.3079  -208.9668  1865.0816     0.7814    -0.5961    -0.1847     0.3856     0.2285     0.8939    -0.4907    -0.7697     0.4084     3.7602     3.0758     4.7454     0.1004     3.6192     0.7627    12.0896    10.9387     0.6840
   34.4526  -209.0763  1865.0491     0.7884    -0.5919    -0.1677     0.3568     0.2178     0.9084    -0.5012    -0.7760     0.3829     3.7552     3.0651     4.7710     0.1043     3.6179     0.7583    12.0865    10.9318     0.6763
   34.5983  -209.1848  1865.0199     0.7954    -0.5874    -0.1494     0.3390     0.2268     0.9130    -0.5024    -0.7769     0.3795     3.7462     3.0162     4.7927     0.1146     3.6067     0.7525    12.0750    10.8876     0.6661
   34.7453  -209.2924  1864.9942     0.8026    -0.5821    -0.1299     0.3382     0.2647     0.9031    -0.4913    -0.7688     0.4094     3.7150     2.9754     4.6999     0.1180     3.5731     0.7603    11.9991    10.7187     0.6468
   34.8937  -209.3991  1864.9721     0.8091    -0.5772    -0.1100     0.2642     0.1902     0.9455    -0.5249    -0.7941     0.3064     3.6722     2.9432     4.4569     0.1160     3.5497     0.7965    11.8286    10.4971     0.6249
   35.0434  -209.5051  1864.9537     0.8150    -0.5725    -0.0895     0.2696     0.2379     0.9331    -0.5130    -0.7846     0.3482     3.6249     2.9197     4.2261     0.1215     3.5137     0.8314    11.6632    10.2452     0.6042
   35.1947  -209.6105  1864.9391     0.8209    -0.5670    -0.0683     0.2493     0.2481     0.9361    -0.5139    -0.7855     0.3450     3.5719     2.9053     3.9945     0.1232     3.4726     0.8694    11.4619     9.9507     0.5836
   35.3475  -209.7152  1864.9283     0.8260    -0.5616    -0.0487     0.2383     0.2696     0.9330    -0.5109    -0.7823     0.3565     3.5156     2.9000     3.9652     0.1035     3.4244     0.8636    11.2699     9.6481     0.5670
   35.5018  -209.8193  1864.9210     0.8307    -0.5559    -0.0292     0.2186     0.2775     0.9355    -0.5120    -0.7836     0.3520     3.4680     2.9030     4.0853     0.1201     3.3780     0.8269    11.1163     9.3877     0.5641
   35.6577  -209.9228  1864.9174     0.8349    -0.5503    -0.0098     0.1873     0.2674     0.9452    -0.5175    -0.7910     0.3263     3.4365     2.8737     4.2208     0.1006     3.3418     0.7917    11.0132     9.2009     0.5869
   35.8151  -210.0258  1864.9172     0.8386    -0.5447     0.0075     0.2108     0.3371     0.9176    -0.5023    -0.7679     0.3975     3.4029     2.7524     4.3597     0.0962     3.2972     0.7563    10.9257     9.0059     0.6107
   35.9741  -210.1283  1864.9202     0.8420    -0.5390     0.0243     0.1604     0.2931     0.9425    -0.5151    -0.7897     0.3332     3.3727     2.5545     4.4672     0.0955     3.2535     0.7283    10.8548     8.8290     0.6209
   36.1344  -210.2302  1864.9263     0.8450    -0.5333     0.0391     0.2264     0.4230     0.8774    -0.4844    -0.7326     0.4782     3.3617     2.4718     4.5795     0.0746     3.2088     0.7007    10.9202     8.7603     0.6370
   36.2962  -210.3316  1864.9350     0.8477    -0.5279     0.0521     0.1498     0.3324     0.9312    -0.5088    -0.7816     0.3609     3.3463     2.3304     4.6961     0.0759     3.1561     0.6721    11.0041     8.6824     0.6568
   36.4592  -210.4325  1864.9462     0.8499    -0.5230     0.0640     0.1938     0.4233     0.8850    -0.4900    -0.7398     0.4611     3.3360     2.1618     4.7974     0.0600     3.1285     0.6521    11.0067     8.6085     0.6796
   36.6234  -210.5329  1864.9595     0.8524    -0.5177     0.0737     0.2386     0.5105     0.8261    -0.4653    -0.6866     0.5587     3.3388     2.2279     4.9114     0.0581     3.1547     0.6423    10.8841     8.5841     0.6988
