Legend
======
Order:       curve order
Px,Py,Pz:    coordinates of point P on the centerline
Tx,Ty,Tz:    coordinates of the direction of the Tangent vector to point P
Nx,Ny,Nz:    coordinates of the direction of the Normal vector to point P
BNx,BNy,BNz: coordinates of the direction of the Binormal vector to point P
Dfit:        diameter of the best fit circle in point P
Dmin:        diameter of the inscribing circle in point P
Dmax:        diameter of the subscribing circle in point P
C:           curvature in point P
Dh:          hydraulic diameter in point P
Xh:          hydraulic ratio in point P
Scf:         distance of circumference in point P
Area:        sectional area in point P
E:           ellipticity in point P


Order: Cubic

[Main Branch Set] Branch Segment 1:


        Px         Py         Pz         Tx         Ty         Tz         Nx         Ny         Nz        BNx        BNy        BNz
   -2.3270  -231.2757  1843.3288    -0.7290     0.0592    -0.6819     0.5321    -0.5776    -0.6190    -0.4305    -0.8142     0.3896
   -2.7326  -231.2477  1842.9411    -0.7134     0.0373    -0.6998     0.4646    -0.7224    -0.5122    -0.5246    -0.6905     0.4980
   -3.1606  -231.2376  1842.5052    -0.6852    -0.0081    -0.7283     0.4723    -0.7661    -0.4359    -0.5544    -0.6427     0.5288
   -3.5303  -231.2543  1842.0977    -0.6596    -0.0499    -0.7499     0.4750    -0.8009    -0.3646    -0.5824    -0.5967     0.5520
   -4.1373  -231.3363  1841.3723    -0.6101    -0.1374    -0.7803     0.4851    -0.8435    -0.2307    -0.6265    -0.5192     0.5813
   -4.5936  -231.4891  1840.7486    -0.5472    -0.2527    -0.7980     0.4640    -0.8850    -0.0380    -0.6966    -0.3911     0.6015
   -4.9888  -231.7340  1840.1370    -0.4784    -0.3901    -0.7868     0.4367    -0.8830     0.1722    -0.7619    -0.2612     0.5927
   -5.3165  -232.0794  1839.5708    -0.4068    -0.5444    -0.7335     0.3682    -0.8326     0.4138    -0.8360    -0.1017     0.5392
   -5.5878  -232.5253  1839.0750    -0.3496    -0.6891    -0.6347     0.2466    -0.7213     0.6473    -0.9039     0.0697     0.4221
   -5.8269  -233.0628  1838.6640    -0.3222    -0.7994    -0.5071     0.0508    -0.5495     0.8340    -0.9453     0.2430     0.2177
   -6.0641  -233.6755  1838.3402    -0.3306    -0.8640    -0.3797    -0.2039    -0.3275     0.9226    -0.9215     0.3824    -0.0679
   -6.3277  -234.3418  1838.0935    -0.3686    -0.8873    -0.2773    -0.5125    -0.0549     0.8569    -0.7755     0.4580    -0.4345
   -6.6384  -235.0373  1837.9041    -0.4241    -0.8804    -0.2124    -0.7861     0.2414     0.5690    -0.4497     0.4083    -0.7944
   -7.0049  -235.7380  1837.7453    -0.4842    -0.8546    -0.1879    -0.8744     0.4800     0.0705     0.0299     0.1984    -0.9797
   -7.4243  -236.4230  1837.5888    -0.5389    -0.8182    -0.2003    -0.7051     0.5682    -0.4241     0.4608    -0.0873    -0.8832
   -7.8841  -237.0769  1837.4091    -0.5807    -0.7772    -0.2424    -0.4441     0.5520    -0.7057     0.6823    -0.3022    -0.6657
   -8.3668  -237.6907  1837.1888    -0.6059    -0.7357    -0.3027    -0.2051     0.5121    -0.8341     0.7686    -0.4433    -0.4611
   -8.8553  -238.2630  1836.9212    -0.6148    -0.6982    -0.3669    -0.0254     0.4825    -0.8755     0.7883    -0.5290    -0.3144
   -9.3374  -238.7988  1836.6117    -0.6132    -0.6697    -0.4190     0.0950     0.4640    -0.8807     0.7842    -0.5798    -0.2209
   -9.8083  -239.3080  1836.2769    -0.6103    -0.6552    -0.4453     0.0694     0.5157    -0.8539     0.7891    -0.5520    -0.2693
  -10.2713  -239.8031  1835.9409    -0.6158    -0.6561    -0.4363    -0.3668    -0.2515     0.8957    -0.6973     0.7116    -0.0858
  -10.7365  -240.2963  1835.6310    -0.6344    -0.6683    -0.3884    -0.3363    -0.2138     0.9172    -0.6960     0.7125    -0.0891
  -11.2170  -240.7968  1835.3718    -0.6642    -0.6818    -0.3064    -0.3300    -0.1004     0.9386    -0.6708     0.7246    -0.1583
  -11.7261  -241.3081  1835.1802    -0.6992    -0.6848    -0.2055    -0.3212     0.0440     0.9460    -0.6387     0.7274    -0.2507
  -12.2735  -241.8269  1835.0616    -0.7337    -0.6708    -0.1082    -0.3458     0.2316     0.9093    -0.5849     0.7045    -0.4018
  -12.8632  -242.3429  1835.0078    -0.7673    -0.6403    -0.0343    -0.4422     0.4897     0.7514    -0.4644     0.5918    -0.6589
  -13.4930  -242.8399  1834.9982    -0.8027    -0.5964     0.0035    -0.5738     0.7738     0.2683    -0.1627     0.2133    -0.9633
  -14.1545  -243.2984  1835.0022    -0.8413    -0.5406    -0.0007    -0.5106     0.7951    -0.3274     0.1775    -0.2751    -0.9449
  -14.8348  -243.6990  1834.9843    -0.8808    -0.4704    -0.0540    -0.3146     0.6666    -0.6758     0.3539    -0.5782    -0.7351
  -15.5177  -244.0260  1834.9091    -0.9104    -0.3860    -0.1490    -0.1418     0.6293    -0.7641     0.3887    -0.6746    -0.6276
  -16.1858  -244.2710  1834.7471    -0.9086    -0.2764    -0.3132     0.1326     0.5200    -0.8438     0.3961    -0.8082    -0.4358
  -17.0607  -244.4724  1834.3211    -0.8514    -0.1533    -0.5016     0.3905     0.4530    -0.8014     0.3501    -0.8782    -0.3259
  -17.4050  -244.5268  1834.0952    -0.7969    -0.1038    -0.5951     0.5146     0.3993    -0.7588     0.3164    -0.9109    -0.2648
  -17.9210  -244.5670  1833.6019    -0.6520    -0.0257    -0.7578     0.7459     0.1581    -0.6471     0.1364    -0.9871    -0.0839
  -18.3528  -244.5796  1833.0134    -0.5237    -0.0118    -0.8518     0.8514     0.0282    -0.5238     0.0302    -0.9995    -0.0048
  -18.6865  -244.5912  1832.3517    -0.3762    -0.0259    -0.9262     0.9085    -0.2067    -0.3633    -0.1820    -0.9781     0.1013
  -18.9116  -244.6260  1831.6416    -0.2256    -0.0714    -0.9716     0.9204    -0.3427    -0.1885    -0.3195    -0.9367     0.1430
  -19.0227  -244.7025  1830.9073    -0.0720    -0.1356    -0.9881     0.9070    -0.4211    -0.0083    -0.4150    -0.8968     0.1533
  -19.0210  -244.8309  1830.1685     0.0740    -0.2063    -0.9757     0.8795    -0.4477     0.1613    -0.4701    -0.8701     0.1484
  -18.9153  -245.0129  1829.4392     0.1995    -0.2704    -0.9418     0.8467    -0.4362     0.3046    -0.4932    -0.8583     0.1420
  -18.7217  -245.2423  1828.7265     0.2950    -0.3195    -0.9005     0.8095    -0.4171     0.4132    -0.5076    -0.8509     0.1356
  -18.4625  -245.5079  1828.0318     0.3572    -0.3520    -0.8651     0.7676    -0.4171     0.4867    -0.5322    -0.8379     0.1212
  -18.1638  -245.7966  1827.3521     0.3876    -0.3708    -0.8440     0.6454    -0.5446     0.5356    -0.6583    -0.7523     0.0282
  -17.8523  -246.0964  1826.6822     0.3893    -0.3801    -0.8390    -0.8737    -0.4409    -0.2057    -0.2917     0.8131    -0.5037
  -17.5522  -246.3988  1826.0165     0.3662    -0.3846    -0.8473    -0.9276    -0.0794    -0.3649     0.0730     0.9197    -0.3859
  -17.2823  -246.6998  1825.3502     0.3234    -0.3879    -0.8631    -0.9436    -0.0632    -0.3251     0.0716     0.9196    -0.3864
  -17.0547  -246.9994  1824.6801     0.2671    -0.3919    -0.8804    -0.9629    -0.0719    -0.2601     0.0387     0.9172    -0.3966
  -16.8748  -247.2997  1824.0042     0.2054    -0.3972    -0.8944    -0.9786    -0.0953    -0.1824    -0.0127     0.9128    -0.4083
  -16.7420  -247.6031  1823.3219     0.1454    -0.4024    -0.9038    -0.9892    -0.0760    -0.1253    -0.0182     0.9123    -0.4091
  -16.6526  -247.9098  1822.6330     0.0913    -0.4044    -0.9100    -0.9946     0.0087    -0.1037     0.0499     0.9145    -0.4014
  -16.6014  -248.2168  1821.9370     0.0439    -0.3993    -0.9158    -0.9672     0.2124    -0.1390     0.2501     0.8919    -0.3769
  -16.5846  -248.5171  1821.2336     0.0004    -0.3839    -0.9234    -0.8807     0.4373    -0.1822     0.4737     0.8133    -0.3379
  -16.6007  -248.8016  1820.5221    -0.0426    -0.3562    -0.9334    -0.7707     0.6063    -0.1962     0.6358     0.7110    -0.3004
  -16.6506  -249.0603  1819.8018    -0.0880    -0.3165    -0.9445    -0.7121     0.6830    -0.1625     0.6965     0.6583    -0.2855
  -16.7367  -249.2850  1819.0731    -0.1368    -0.2679    -0.9537    -0.6923     0.7145    -0.1013     0.7085     0.6463    -0.2832
  -16.8615  -249.4711  1818.3369    -0.1874    -0.2157    -0.9583    -0.6957     0.7179    -0.0255     0.6934     0.6619    -0.2846
  -17.0256  -249.6185  1817.5951    -0.2357    -0.1662    -0.9575    -0.7011     0.7114     0.0491     0.6730     0.6829    -0.2842
  -17.2260  -249.7312  1816.8504    -0.2769    -0.1247    -0.9528    -0.7044     0.7008     0.1130     0.6536     0.7024    -0.2819
  -17.4558  -249.8159  1816.1053    -0.3068    -0.0928    -0.9472    -0.6440     0.7531     0.1348     0.7008     0.6514    -0.2908
  -17.7042  -249.8791  1815.3619    -0.3223    -0.0692    -0.9441    -0.3574     0.9324     0.0537     0.8766     0.3548    -0.3252
  -17.9576  -249.9255  1814.6214    -0.3212    -0.0491    -0.9457     0.4286     0.8830    -0.1914     0.8445    -0.4669    -0.2625
  -18.2012  -249.9550  1813.8836    -0.3024    -0.0257    -0.9528     0.7011     0.6713    -0.2406     0.6458    -0.7408    -0.1850
  -18.4207  -249.9630  1813.1474    -0.2660     0.0070    -0.9639     0.7432     0.6383    -0.2005     0.6139    -0.7697    -0.1750
  -18.6038  -249.9411  1812.4113    -0.2140     0.0534    -0.9754     0.7314     0.6707    -0.1237     0.6476    -0.7398    -0.1826
  -18.7415  -249.8790  1811.6740    -0.1501     0.1136    -0.9821     0.7214     0.6919    -0.0303     0.6761    -0.7130    -0.1858
  -18.8281  -249.7683  1810.9351    -0.0795     0.1812    -0.9802     0.7215     0.6890     0.0688     0.6878    -0.7018    -0.1855
  -18.8612  -249.6055  1810.1957    -0.0085     0.2471    -0.9690     0.7337     0.6599     0.1619     0.6794    -0.7095    -0.1868
  -18.8417  -249.3940  1809.4585     0.0581     0.3012    -0.9518     0.7902     0.5687     0.2282     0.6101    -0.7654    -0.2050
  -18.7729  -249.1455  1808.7271     0.1179     0.3358    -0.9345     0.8939     0.3740     0.2472     0.4325    -0.8645    -0.2560
  -18.6603  -248.8786  1808.0054     0.1705     0.3463    -0.9225     0.9852    -0.0441     0.1655     0.0167    -0.9371    -0.3487
  -18.5111  -248.6160  1807.2967     0.2156     0.3310    -0.9187     0.8242    -0.5662    -0.0106    -0.5237    -0.7549    -0.3949
  -18.3341  -248.3801  1806.6024     0.2524     0.2899    -0.9232     0.5148    -0.8481    -0.1256    -0.8193    -0.4436    -0.3633
  -18.1385  -248.1893  1805.9219     0.2791     0.2270    -0.9330     0.2754    -0.9498    -0.1487    -0.9199    -0.2155    -0.3276
  -17.9336  -248.0536  1805.2526     0.2934     0.1522    -0.9438     0.0996    -0.9867    -0.1282    -0.9508    -0.0564    -0.3047
  -17.7272  -247.9729  1804.5902     0.2957     0.0806    -0.9519    -0.0469    -0.9940    -0.0988    -0.9541     0.0739    -0.2901
  -17.5243  -247.9366  1803.9298     0.2901     0.0289    -0.9566    -0.2032    -0.9749    -0.0911    -0.9352     0.2208    -0.2769
  -17.3261  -247.9256  1803.2676     0.2840     0.0088    -0.9588    -0.8476    -0.4652    -0.2553    -0.4482     0.8852    -0.1246
  -17.1290  -247.9161  1802.6012     0.2850     0.0245    -0.9582     0.1793     0.9807     0.0784     0.9416    -0.1941     0.2751
  -16.9253  -247.8838  1801.9310     0.2983     0.0722    -0.9517     0.3096     0.9359     0.1680     0.9029    -0.3448     0.2569
  -16.7042  -247.8086  1801.2598     0.3261     0.1418    -0.9346     0.3966     0.8770     0.2714     0.8581    -0.4592     0.2298
  -16.4538  -247.6777  1800.5924     0.3662     0.2188    -0.9045     0.4696     0.7957     0.3826     0.8034    -0.5648     0.1886
  -16.1639  -247.4880  1799.9342     0.4137     0.2885    -0.8635     0.5441     0.6821     0.4885     0.7299    -0.6719     0.1252
  -15.8279  -247.2456  1799.2901     0.4631     0.3404    -0.8183     0.6285     0.5248     0.5740     0.6249    -0.7802     0.0291
  -15.4450  -246.9647  1798.6631     0.5093     0.3697    -0.7771     0.7287     0.2952     0.6180     0.4579    -0.8810    -0.1190
  -15.0204  -246.6643  1798.0535     0.5489     0.3762    -0.7464     0.8262    -0.1089     0.5527     0.1266    -0.9201    -0.3706
  -14.5642  -246.3652  1797.4586     0.5797     0.3616    -0.7302     0.7072    -0.6683     0.2305    -0.4047    -0.6500    -0.6432
  -14.0895  -246.0868  1796.8734     0.6004     0.3285    -0.7291     0.3434    -0.9293    -0.1359    -0.7222    -0.1688    -0.6707
  -13.6092  -245.8447  1796.2918     0.6103     0.2803    -0.7409     0.0747    -0.9515    -0.2985    -0.7887     0.1269    -0.6016
  -13.1333  -245.6489  1795.7078     0.6112     0.2209    -0.7600    -0.0380    -0.9510    -0.3069    -0.7906     0.2165    -0.5728
  -12.6664  -245.5039  1795.1175     0.6060     0.1577    -0.7797    -0.1171    -0.9518    -0.2835    -0.7868     0.2631    -0.5583
  -12.2075  -245.4089  1794.5195     0.6034     0.0907    -0.7923     0.0309    -0.9954    -0.0904    -0.7968     0.0301    -0.6035
  -11.5660  -245.3533  1793.6771     0.6065     0.0285    -0.7945     0.2580    -0.9523     0.1628    -0.7520    -0.3037    -0.5850
  -11.2838  -245.3451  1793.3111     0.6160     0.0048    -0.7877     0.4047    -0.8598     0.3112    -0.6758    -0.5106    -0.5316
  -10.7988  -245.3583  1792.7123     0.6427    -0.0318    -0.7655     0.7086    -0.3552     0.6097    -0.2913    -0.9343    -0.2057
  -10.2869  -245.3878  1792.1270     0.6742    -0.0432    -0.7373     0.7200    -0.1838     0.6692    -0.1644    -0.9820    -0.0928
   -9.7441  -245.4234  1791.5619     0.7096    -0.0452    -0.7031     0.7035     0.1014     0.7035     0.0395    -0.9938     0.1037
   -9.1715  -245.4560  1791.0219     0.7434    -0.0363    -0.6678     0.6526     0.2579     0.7125     0.1464    -0.9655     0.2154
   -8.5744  -245.4787  1790.5096     0.7727    -0.0203    -0.6344     0.5814     0.4236     0.6946     0.2546    -0.9056     0.3391
   -7.9602  -245.4869  1790.0249     0.7962    -0.0004    -0.6051     0.5185     0.5160     0.6818     0.3119    -0.8566     0.4110
   -7.3359  -245.4795  1789.5659     0.8143     0.0193    -0.5802     0.4697     0.5654     0.6780     0.3411    -0.8246     0.4513
   -6.7061  -245.4583  1789.1296     0.8287     0.0350    -0.5586     0.4844     0.4552     0.7471     0.2804    -0.8897     0.3603
   -6.0713  -245.4281  1788.7129     0.8419     0.0431    -0.5379     0.5269     0.1503     0.8366     0.1169    -0.9877     0.1038
   -5.4283  -245.3954  1788.3137     0.8559     0.0415    -0.5154     0.5097    -0.2349     0.8276    -0.0867    -0.9711    -0.2222
   -4.7713  -245.3675  1787.9313     0.8715     0.0305    -0.4894     0.4542    -0.4264     0.7822    -0.1848    -0.9040    -0.3855
   -4.0946  -245.3504  1787.5661     0.8881     0.0134    -0.4595     0.4117    -0.4680     0.7820    -0.2046    -0.8836    -0.4211
   -3.3947  -245.3473  1787.2200     0.9044    -0.0051    -0.4267     0.3829    -0.4317     0.8167    -0.1884    -0.9020    -0.3884
   -2.6721  -245.3576  1786.8952     0.9192    -0.0197    -0.3933     0.3698    -0.3004     0.8792    -0.1355    -0.9536    -0.2688
   -1.9320  -245.3764  1786.5936     0.9320    -0.0255    -0.3616     0.3615    -0.0066     0.9323    -0.0261    -0.9997     0.0030
   -1.1831  -245.3950  1786.3165     0.9428    -0.0188    -0.3328     0.3090     0.4234     0.8516     0.1249    -0.9058     0.4050
   -0.4353  -245.4026  1786.0641     0.9516     0.0021    -0.3072     0.2036     0.7448     0.6355     0.2301    -0.6673     0.7083
    0.3030  -245.3884  1785.8355     0.9580     0.0371    -0.2845     0.1013     0.8839     0.4565     0.2684    -0.4661     0.8430
    1.0276  -245.3436  1785.6287     0.9611     0.0832    -0.2634     0.0240     0.9248     0.3796     0.2752    -0.3712     0.8868
    1.7400  -245.2635  1785.4411     0.9609     0.1330    -0.2427    -0.0296     0.9212     0.3879     0.2752    -0.3656     0.8892
    2.4470  -245.1485  1785.2700     0.9588     0.1775    -0.2220    -0.0570     0.8852     0.4616     0.2784    -0.4299     0.8589
    3.1586  -245.0040  1785.1125     0.9569     0.2086    -0.2023    -0.0334     0.7705     0.6366     0.2886    -0.6024     0.7442
    3.8849  -244.8392  1784.9658     0.9573     0.2225    -0.1848     0.1181     0.2827     0.9519     0.2641    -0.9330     0.2444
    4.6326  -244.6655  1784.8273     0.9602     0.2207    -0.1711     0.2701    -0.5778     0.7702     0.0711    -0.7858    -0.6144
    5.4022  -244.4936  1784.6944     0.9646     0.2079    -0.1621     0.2534    -0.9005     0.3534    -0.0725    -0.3819    -0.9213
    6.1876  -244.3320  1784.5648     0.9690     0.1898    -0.1579     0.2035    -0.9761     0.0760    -0.1397    -0.1058    -0.9845
    6.9769  -244.1851  1784.4364     0.9723     0.1719    -0.1586     0.1454    -0.9754    -0.1657    -0.1832     0.1380    -0.9733
    7.7561  -244.0533  1784.3078     0.9738     0.1583    -0.1632     0.0551    -0.8607    -0.5061    -0.2206     0.4839    -0.8469
    8.5135  -243.9332  1784.1785     0.9738     0.1519    -0.1694    -0.1067    -0.3526    -0.9297    -0.2010     0.9233    -0.3272
    9.2438  -243.8192  1784.0496     0.9728     0.1531    -0.1737    -0.2189     0.8524    -0.4748     0.0754     0.4999     0.8628
    9.9509  -243.7057  1783.9235     0.9721     0.1598    -0.1716    -0.0249     0.7981     0.6020     0.2332    -0.5809     0.7799
   10.6481  -243.5883  1783.8041     0.9729     0.1673    -0.1596     0.0948     0.3406     0.9354     0.2109    -0.9252     0.3155
   11.3547  -243.4654  1783.6960     0.9758     0.1705    -0.1369     0.1403    -0.0081     0.9901     0.1676    -0.9853    -0.0318
   12.0906  -243.3383  1783.6042     0.9803     0.1660    -0.1067     0.1486    -0.2653     0.9526     0.1298    -0.9498    -0.2848
   12.8694  -243.2111  1783.5325     0.9852     0.1543    -0.0748     0.1327    -0.4103     0.9023     0.1086    -0.8988    -0.4247
   13.6911  -243.0891  1783.4829     0.9893     0.1384    -0.0453     0.1136    -0.5381     0.8352     0.0912    -0.8314    -0.5481
   14.5383  -242.9782  1783.4551     0.9924     0.1212    -0.0206     0.0900    -0.6021     0.7933     0.0837    -0.7892    -0.6084
   15.3750  -242.8829  1783.4462     0.9944     0.1053    -0.0013     0.0718    -0.6691     0.7397     0.0770    -0.7356    -0.6730
   16.1496  -242.8063  1783.4509     0.9957     0.0917     0.0129     0.0565    -0.7113     0.7006     0.0734    -0.6968    -0.7135
   16.8029  -242.7496  1783.4627     0.9964     0.0813     0.0229     0.0440    -0.7313     0.6806     0.0721    -0.6772    -0.7323
   17.4021  -242.7034  1783.4789     0.9969     0.0725     0.0308     0.0345    -0.7530     0.6571     0.0709    -0.6540    -0.7532

[Main Branch Set] Branch Segment 2:


        Px         Py         Pz         Tx         Ty         Tz         Nx         Ny         Nz        BNx        BNy        BNz
  -11.5660  -245.3533  1793.6771    -0.1332     0.9726    -0.1907     0.8877     0.0315    -0.4594    -0.4408    -0.2305    -0.8675
  -11.6124  -244.7534  1793.5412    -0.0108     0.9676    -0.2521     0.8949    -0.1031    -0.4342    -0.4461    -0.2303    -0.8648
  -11.5905  -244.3059  1793.4107     0.1087     0.9452    -0.3080     0.8872    -0.2320    -0.3989    -0.4485    -0.2299    -0.8637
  -11.5022  -243.8005  1793.2302     0.1890     0.9199    -0.3437    -0.1258    -0.3245    -0.9375    -0.9739     0.2204     0.0544
  -11.3785  -243.2122  1793.0083     0.2078     0.9122    -0.3531     0.8615    -0.3417    -0.3757    -0.4633    -0.2262    -0.8568
  -11.2170  -242.5936  1792.7576     0.2612     0.8889    -0.3763     0.8398    -0.4015    -0.3654    -0.4759    -0.2206    -0.8514
  -11.0175  -241.9902  1792.4899     0.3202     0.8585    -0.4007     0.8261    -0.4600    -0.3254    -0.4637    -0.2268    -0.8565
  -10.7823  -241.4332  1792.2151     0.3892     0.8163    -0.4267     0.7983    -0.5301    -0.2858    -0.4595    -0.2294    -0.8580
  -10.5165  -240.9364  1791.9403     0.4587     0.7668    -0.4489     0.7756    -0.5921    -0.2189    -0.4336    -0.2478    -0.8663
  -10.2269  -240.4965  1791.6699     0.5169     0.7201    -0.4628     0.7596    -0.6352    -0.1398    -0.3946    -0.2793    -0.8754
   -9.9216  -240.0970  1791.4057     0.5542     0.6902    -0.4653     0.8101    -0.5758     0.1108    -0.1915    -0.4383    -0.8782
   -9.6078  -239.7145  1791.1481     0.5666     0.6860    -0.4566    -0.0398     0.5762     0.8163     0.8230    -0.4443     0.3538
   -9.2916  -239.3251  1790.8965     0.5575     0.7047    -0.4389    -0.4530     0.7012     0.5506     0.6957    -0.1082     0.7101
   -8.9765  -238.9108  1790.6504     0.5358     0.7350    -0.4155    -0.5259     0.6755     0.5168     0.6605    -0.0584     0.7485
   -8.6640  -238.4628  1790.4100     0.5123     0.7650    -0.3903    -0.4969     0.6347     0.5919     0.7005    -0.1093     0.7052
   -8.3529  -237.9825  1790.1762     0.4959     0.7871    -0.3669    -0.3811     0.5769     0.7225     0.7803    -0.2185     0.5860
   -8.0413  -237.4801  1789.9503     0.4909     0.7988    -0.3478     0.0804     0.3560     0.9310     0.8675    -0.4850     0.1105
   -7.7267  -236.9701  1789.7335     0.4985     0.8002    -0.3333     0.7334    -0.1844     0.6543     0.4621    -0.5707    -0.6788
   -7.4071  -236.4674  1789.5268     0.5167     0.7930    -0.3228     0.8461    -0.4152     0.3343     0.1311    -0.4459    -0.8855
   -7.0817  -235.9829  1789.3305     0.5408     0.7799    -0.3151     0.8411    -0.4956     0.2168     0.0129    -0.3822    -0.9240
   -6.7509  -235.5207  1789.1439     0.5647     0.7653    -0.3087     0.8251    -0.5172     0.2272     0.0142    -0.3831    -0.9236
   -6.4161  -235.0780  1788.9658     0.5824     0.7546    -0.3022     0.7919    -0.4428     0.4205     0.1835    -0.4842    -0.8555
   -6.0794  -234.6462  1788.7948     0.5895     0.7526    -0.2934     0.0971     0.2946     0.9507     0.8019    -0.5889     0.1005
   -5.7426  -234.2136  1788.6301     0.5855     0.7602    -0.2815    -0.4523     0.5945     0.6648     0.6728    -0.2619     0.6919
   -5.4068  -233.7694  1788.4714     0.5733     0.7750    -0.2659    -0.5218     0.5956     0.6107     0.6317    -0.2114     0.7459
   -5.0724  -233.3060  1788.3198     0.5579     0.7924    -0.2466    -0.4970     0.5570     0.6654     0.6646    -0.2487     0.7046
   -4.7388  -232.8213  1788.1770     0.5448     0.8079    -0.2247    -0.3732     0.4735     0.7978     0.7510    -0.3508     0.5594
   -4.4048  -232.3185  1788.0455     0.5379     0.8188    -0.2009    -0.1088     0.3037     0.9465     0.8360    -0.4873     0.2524
   -4.0689  -231.8053  1787.9277     0.5391     0.8236    -0.1763     0.2084     0.0724     0.9754     0.8161    -0.5625    -0.1326
   -3.7299  -231.2913  1787.8253     0.5485     0.8223    -0.1518     0.4789    -0.1601     0.8631     0.6854    -0.5461    -0.4816
   -3.3866  -230.7856  1787.7389     0.5647     0.8153    -0.1282     0.6051    -0.3034     0.7361     0.5612    -0.4933    -0.6646
   -3.0382  -230.2944  1787.6678     0.5847     0.8042    -0.1068     0.6659    -0.4006     0.6293     0.4633    -0.4391    -0.7698
   -2.6841  -229.8198  1787.6098     0.6056     0.7908    -0.0887     0.6935    -0.4699     0.5462     0.3902    -0.3923    -0.8330
   -2.3235  -229.3604  1787.5622     0.6245     0.7774    -0.0745     0.7024    -0.5173     0.4889     0.3416    -0.3577    -0.8691
   -1.9554  -228.9113  1787.5219     0.6397     0.7660    -0.0645     0.7072    -0.5536     0.4398     0.3011    -0.3269    -0.8958
   -1.5785  -228.4669  1787.4865     0.6508     0.7571    -0.0571     0.6796    -0.5473     0.4885     0.3386    -0.3567    -0.8707
   -1.1919  -228.0220  1787.4547     0.6587     0.7507    -0.0507     0.6260    -0.5095     0.5904     0.4174    -0.4206    -0.8056
   -0.7952  -227.5737  1787.4266     0.6650     0.7457    -0.0426     0.4655    -0.3692     0.8044     0.5841    -0.5547    -0.5926
   -0.3889  -227.1212  1787.4040     0.6702     0.7416    -0.0310     0.3252    -0.2558     0.9104     0.6672    -0.6202    -0.4125
    0.0247  -226.6661  1787.3897     0.6743     0.7383    -0.0145     0.1692    -0.1354     0.9762     0.7188    -0.6607    -0.2162
    0.4420  -226.2109  1787.3873     0.6769     0.7361     0.0075     0.0690    -0.0736     0.9949     0.7329    -0.6729    -0.1006
    0.8586  -225.7582  1787.4000     0.6764     0.7357     0.0347    -0.0912     0.0369     0.9952     0.7309    -0.6763     0.0920
    1.2696  -225.3091  1787.4306     0.6713     0.7382     0.0664    -0.2142     0.1075     0.9709     0.7095    -0.6660     0.2303
    1.6713  -224.8631  1787.4807     0.6617     0.7431     0.1001    -0.3260     0.1649     0.9309     0.6752    -0.6486     0.3513
    2.0618  -224.4185  1787.5503     0.6487     0.7493     0.1333    -0.3938     0.1806     0.9013     0.6513    -0.6371     0.4122
    2.4420  -223.9731  1787.6384     0.6357     0.7544     0.1636    -0.3783     0.1197     0.9179     0.6729    -0.6454     0.3615
    2.8158  -223.5257  1787.7431     0.6275     0.7553     0.1889    -0.2018    -0.0765     0.9764     0.7520    -0.6509     0.1044
    3.1893  -223.0772  1787.8618     0.6285     0.7493     0.2089     0.3049    -0.4843     0.8200     0.7156    -0.4517    -0.5329
    3.5700  -222.6311  1787.9921     0.6408     0.7343     0.2241     0.6090    -0.6639     0.4340     0.4675    -0.1416    -0.8726
    3.9648  -222.1932  1788.1316     0.6641     0.7094     0.2360     0.6625    -0.7047     0.2541     0.3466    -0.0124    -0.9379
    4.3789  -221.7706  1788.2787     0.6950     0.6755     0.2462     0.6502    -0.7367     0.1858     0.3069     0.0310    -0.9512
    4.8140  -221.3695  1788.4322     0.7282     0.6358     0.2559     0.6101    -0.7715     0.1808     0.3124     0.0245    -0.9496
    5.2680  -220.9938  1788.5915     0.7581     0.5954     0.2661     0.5538    -0.8032     0.2195     0.3444    -0.0190    -0.9386
    5.7351  -220.6432  1788.7563     0.7796     0.5617     0.2772     0.4704    -0.8172     0.3329     0.4135    -0.1291    -0.9013
    6.2071  -220.3127  1788.9265     0.7895     0.5411     0.2897     0.1967    -0.6702     0.7156     0.5814    -0.5080    -0.6356
    6.6749  -219.9936  1789.1023     0.7860     0.5386     0.3034    -0.5552     0.3992     0.7297     0.2719    -0.7420     0.6128
    7.1305  -219.6744  1789.2838     0.7688     0.5554     0.3169    -0.6390     0.6859     0.3483    -0.0239    -0.4702     0.8822
    7.5685  -219.3436  1789.4711     0.7397     0.5873     0.3285    -0.6615     0.7244     0.1942    -0.1239    -0.3609     0.9243
    7.9871  -218.9918  1789.6642     0.7033     0.6260     0.3367    -0.6900     0.7152     0.1116    -0.1709    -0.3108     0.9350
    8.3884  -218.6140  1789.8629     0.6671     0.6624     0.3408    -0.7155     0.6972     0.0455    -0.2075    -0.2742     0.9390
    8.7771  -218.2101  1790.0665     0.6382     0.6901     0.3413    -0.7252     0.6877    -0.0343    -0.2584    -0.2257     0.9393
    9.1595  -217.7848  1790.2736     0.6213     0.7063     0.3393    -0.6858     0.6996    -0.2004    -0.3789    -0.1082     0.9191
    9.5414  -217.3463  1790.4821     0.6171     0.7118     0.3355     0.3246     0.1582    -0.9325    -0.7169     0.6843    -0.1334
    9.9268  -216.9036  1790.6891     0.6228     0.7098     0.3291     0.7186    -0.3526    -0.5994    -0.3094     0.6098    -0.7297
   10.3170  -216.4643  1790.8906     0.6341     0.7044     0.3190     0.6897    -0.3287    -0.6452    -0.3496     0.6292    -0.6942
   10.7104  -216.0328  1791.0823     0.6457     0.7006     0.3037     0.4817    -0.0651    -0.8739    -0.5925     0.7106    -0.3795
   11.1032  -215.6087  1791.2597     0.6524     0.7035     0.2818     0.1253     0.2666    -0.9556    -0.7474     0.6588     0.0857
   11.4906  -215.1879  1791.4188     0.6510     0.7157     0.2528    -0.1649     0.4585    -0.8733    -0.7409     0.5268     0.4165
   11.8689  -214.7632  1791.5567     0.6401     0.7369     0.2173    -0.3262     0.5167    -0.7916    -0.6956     0.4358     0.5711
   12.2363  -214.3268  1791.6718     0.6215     0.7629     0.1778    -0.4015     0.5051    -0.7640    -0.6727     0.4034     0.6203
   12.5938  -213.8730  1791.7642     0.6007     0.7874     0.1385    -0.4175     0.4567    -0.7856    -0.6818     0.4141     0.6030
   12.9454  -213.3997  1791.8356     0.5848     0.8046     0.1029    -0.3059     0.3362    -0.8907    -0.7513     0.4894     0.4427
   13.2974  -212.9097  1791.8886     0.5797     0.8115     0.0734     0.0577     0.0490    -0.9971    -0.8128     0.5823    -0.0184
   13.6566  -212.4104  1791.9264     0.5884     0.8070     0.0503     0.5740    -0.3731    -0.7289    -0.5694     0.4577    -0.6828
   14.0292  -211.9123  1791.9518     0.6106     0.7913     0.0320     0.7266    -0.5436    -0.4202    -0.3151     0.2798    -0.9069
   14.4194  -211.4268  1791.9667     0.6434     0.7654     0.0160     0.7311    -0.6081    -0.3094    -0.2271     0.2107    -0.9508
   14.8288  -210.9637  1791.9715     0.6815     0.7318    -0.0008     0.6940    -0.6466    -0.3168    -0.2324     0.2153    -0.9485
   15.2559  -210.5286  1791.9652     0.7188     0.6949    -0.0206     0.6352    -0.6685    -0.3867    -0.2824     0.2649    -0.9220
   15.6969  -210.1222  1791.9457     0.7494     0.6605    -0.0456     0.5210    -0.6309    -0.5749    -0.4085     0.4071    -0.8169
   16.1466  -209.7395  1791.9098     0.7687     0.6351    -0.0766     0.3151    -0.4802    -0.8186    -0.5567     0.6051    -0.5692
   16.5997  -209.3713  1791.8546     0.7740     0.6231    -0.1124    -0.0559    -0.1095    -0.9924    -0.6307     0.7744    -0.0499
   17.0512  -209.0060  1791.7776     0.7649     0.6263    -0.1504    -0.3784     0.2481    -0.8918    -0.5212     0.7390     0.4268
   17.4970  -208.6321  1791.6778     0.7435     0.6420    -0.1874    -0.5446     0.4186    -0.7267    -0.3881     0.6424     0.6609
   17.9339  -208.2406  1791.5552     0.7135     0.6650    -0.2206    -0.6400     0.4905    -0.5914    -0.2850     0.5632     0.7756
   18.3595  -207.8267  1791.4115     0.6796     0.6900    -0.2491    -0.6925     0.4914    -0.5281    -0.2420     0.5314     0.8118
   18.7710  -207.3907  1791.2488     0.6455     0.7129    -0.2739    -0.7277     0.4651    -0.5041    -0.2320     0.5248     0.8190
   19.1660  -206.9374  1791.0698     0.6145     0.7311    -0.2966    -0.7303     0.3848    -0.5645    -0.2986     0.5634     0.7703
   19.5423  -206.4754  1790.8768     0.5878     0.7430    -0.3202    -0.6804     0.2398    -0.6925    -0.4377     0.6249     0.6465
   19.8985  -206.0148  1790.6711     0.5670     0.7473    -0.3466    -0.5229     0.0013    -0.8524    -0.6365     0.6645     0.3915
   20.2360  -205.5654  1790.4532     0.5541     0.7419    -0.3774    -0.2370    -0.2940    -0.9259    -0.7980     0.6026     0.0130
   20.5590  -205.1356  1790.2223     0.5519     0.7249    -0.4123     0.0888    -0.5427    -0.8352    -0.8292     0.4243    -0.3639
   20.8763  -204.7303  1789.9771     0.5637     0.6942    -0.4476     0.3563    -0.6932    -0.6265    -0.7452     0.1937    -0.6381
   21.2000  -204.3519  1789.7167     0.5907     0.6503    -0.4777     0.5179    -0.7596    -0.3935    -0.6187    -0.0150    -0.7854
   21.5444  -203.9996  1789.4408     0.6307     0.5960    -0.4969     0.6085    -0.7773    -0.1599    -0.4815    -0.2015    -0.8529
   21.9235  -203.6714  1789.1509     0.6783     0.5373    -0.5013     0.6408    -0.7664     0.0457    -0.3596    -0.3522    -0.8641
   22.3476  -203.3646  1788.8506     0.7261     0.4806    -0.4918     0.6352    -0.7427     0.2120    -0.2634    -0.4663    -0.8445
   22.8199  -203.0776  1788.5458     0.7688     0.4305    -0.4728     0.6122    -0.7091     0.3497    -0.1847    -0.5584    -0.8088
   23.3336  -202.8105  1788.2448     0.8038     0.3898    -0.4494     0.5817    -0.6730     0.4569    -0.1243    -0.6286    -0.7677
   23.8709  -202.5654  1787.9575     0.8311     0.3578    -0.4257     0.5495    -0.6462     0.5297    -0.0855    -0.6741    -0.7337
   24.4036  -202.3469  1787.6950     0.8516     0.3338    -0.4042     0.5221    -0.6097     0.5964    -0.0474    -0.7189    -0.6935
   24.8963  -202.1607  1787.4684     0.8664     0.3162    -0.3864     0.4983    -0.5961     0.6296    -0.0313    -0.7381    -0.6740
   25.3104  -202.0135  1787.2881     0.8767     0.3039    -0.3728     0.4808    -0.5730     0.6637    -0.0120    -0.7611    -0.6485
   25.6886  -201.8851  1787.1305     0.8847     0.2945    -0.3614     0.4661    -0.5427     0.6988     0.0096    -0.7866    -0.6174

[Main Branch Set] Branch Segment 3:


        Px         Py         Pz         Tx         Ty         Tz         Nx         Ny         Nz        BNx        BNy        BNz
  -17.0607  -244.4724  1834.3211     0.2191    -0.9523    -0.2124     0.9429     0.1507     0.2970    -0.2509    -0.2654     0.9309
  -16.7591  -245.1524  1834.2055     0.5349    -0.8381    -0.1069     0.8297     0.4972     0.2539    -0.1597    -0.2245     0.9613
  -16.4317  -245.6096  1834.1502     0.6018    -0.7923    -0.1005     0.1241     0.2171    -0.9682     0.7889     0.5702     0.2290
  -16.0035  -246.1655  1834.0650     0.6184    -0.7735    -0.1389     0.6394     0.5980    -0.4834     0.4570     0.2101     0.8643
  -15.5369  -246.7141  1833.9457     0.6573    -0.7278    -0.1956     0.3148     0.5009    -0.8062     0.6848     0.4683     0.5584
  -15.0960  -247.1755  1833.7853     0.6792    -0.6685    -0.3031     0.0490     0.4534    -0.8900     0.7323     0.5896     0.3407
  -14.7345  -247.5158  1833.5753     0.6434    -0.5825    -0.4967    -0.3244     0.3802    -0.8661     0.6934     0.7184     0.0557
  -14.4856  -247.7476  1833.3072     0.4634    -0.4748    -0.7482    -0.6976     0.3252    -0.6384     0.5464     0.8178    -0.1805
  -14.3566  -247.9137  1832.9757     0.1887    -0.3775    -0.9066    -0.9334     0.2180    -0.2851     0.3052     0.9000    -0.3112
  -14.3293  -248.0629  1832.5809    -0.0288    -0.3385    -0.9405    -0.9994    -0.0058     0.0327    -0.0165     0.9409    -0.3382
  -14.3669  -248.2283  1832.1287    -0.1078    -0.3478    -0.9313    -0.7942    -0.5333     0.2911    -0.5980     0.7711    -0.2188
  -14.4245  -248.4183  1831.6303    -0.0955    -0.3581    -0.9288     0.9947    -0.0695    -0.0755    -0.0375    -0.9311     0.3629
  -14.4609  -248.6213  1831.0995    -0.0258    -0.3510    -0.9360     0.9746     0.1995    -0.1017     0.2224    -0.9149     0.3370
  -14.4476  -248.8199  1830.5505     0.0741    -0.3271    -0.9421     0.9649     0.2623    -0.0152     0.2521    -0.9079     0.3350
  -14.3726  -249.0057  1829.9960     0.1788    -0.3057    -0.9352     0.9812     0.1259     0.1464     0.0730    -0.9438     0.3224
  -14.2385  -249.1872  1829.4470     0.2694    -0.3122    -0.9110     0.8863    -0.2896     0.3613    -0.3767    -0.9048     0.1987
  -14.0553  -249.3858  1828.9139     0.3401    -0.3589    -0.8692     0.5827    -0.6451     0.4943    -0.7381    -0.6746    -0.0102
  -13.8328  -249.6240  1828.4077     0.3975    -0.4346    -0.8081     0.4387    -0.6835     0.5834    -0.8059    -0.5864    -0.0810
  -13.5742  -249.9114  1827.9406     0.4567    -0.5096    -0.7292     0.5107    -0.5210     0.6839    -0.7284    -0.6848     0.0224
  -13.2746  -250.2367  1827.5245     0.5336    -0.5540    -0.6390     0.6771    -0.1729     0.7153    -0.5067    -0.8144     0.2829
  -12.9244  -250.5713  1827.1685     0.6346    -0.5491    -0.5438     0.7366     0.2169     0.6406    -0.2338    -0.8071     0.5422
  -12.5161  -250.8819  1826.8752     0.7459    -0.4931    -0.4478     0.6623     0.4785     0.5765    -0.0700    -0.7266     0.6835
  -12.0500  -251.1470  1826.6390     0.8377    -0.4099    -0.3608     0.5461     0.6226     0.5605    -0.0051    -0.6666     0.7454
  -11.5384  -251.3677  1826.4460     0.8892    -0.3462    -0.2992     0.4545     0.5933     0.6644    -0.0525    -0.7268     0.6849
  -11.0032  -251.5692  1826.2774     0.8995    -0.3415    -0.2724    -0.2745    -0.9270     0.2556    -0.3398    -0.1552    -0.9276
  -10.4705  -251.7893  1826.1141     0.8722    -0.4032    -0.2769    -0.4558    -0.8753    -0.1612    -0.1774     0.2669    -0.9473
   -9.9630  -252.0613  1825.9417     0.8105    -0.5045    -0.2976    -0.5659    -0.8055    -0.1758    -0.1511     0.3109    -0.9384
   -9.4940  -252.3993  1825.7539     0.7316    -0.6025    -0.3189    -0.6680    -0.7269    -0.1592    -0.1359     0.3295    -0.9343
   -9.0653  -252.7929  1825.5523     0.6642    -0.6686    -0.3344    -0.7410    -0.6478    -0.1767    -0.0985     0.3652    -0.9257
   -8.6708  -253.2148  1825.3431     0.6249    -0.6997    -0.3463    -0.7774    -0.5167    -0.3587     0.0720     0.4933    -0.8668
   -8.3026  -253.6373  1825.1322     0.6068    -0.7094    -0.3585    -0.6664    -0.2082    -0.7159     0.4332     0.6734    -0.5991
   -7.9578  -254.0493  1824.9212     0.5844    -0.7206    -0.3731    -0.8039    -0.4516    -0.3870     0.1104     0.5261    -0.8433
   -7.6421  -254.4641  1824.7064     0.5267    -0.7561    -0.3886    -0.8455    -0.5133    -0.1472    -0.0881     0.4061    -0.9096
   -7.3688  -254.9135  1824.4806     0.4207    -0.8154    -0.3978    -0.8920    -0.4517    -0.0173    -0.1656     0.3621    -0.9173
   -7.1532  -255.4296  1824.2386     0.2878    -0.8731    -0.3935    -0.9357    -0.3439     0.0787    -0.2040     0.3455    -0.9160
   -7.0050  -256.0211  1823.9829     0.1666    -0.9104    -0.3786    -0.9578    -0.2406     0.1572    -0.2342     0.3365    -0.9121
   -6.9227  -256.6569  1823.7274     0.0776    -0.9290    -0.3619    -0.9648    -0.1615     0.2076    -0.2513     0.3330    -0.9088
   -6.8923  -257.2651  1823.4962     0.0186    -0.9372    -0.3482    -0.9648    -0.1082     0.2398    -0.2624     0.3315    -0.9062
   -6.8949  -257.8844  1823.2705    -0.0235    -0.9412    -0.3370    -0.9581    -0.0751     0.2764    -0.2855     0.3294    -0.9000

[Main Branch Set] Branch Segment 4:


        Px         Py         Pz         Tx         Ty         Tz         Nx         Ny         Nz        BNx        BNy        BNz
   -2.8467  -239.1287  1844.8412    -0.3285     0.8615    -0.3871    -0.4802     0.2006     0.8539     0.8133     0.4664     0.3478
   -3.0129  -238.6966  1844.6510    -0.3356     0.8653    -0.3723    -0.3683     0.2433     0.8973     0.8671     0.4382     0.2370
   -3.1901  -238.2429  1844.4612    -0.3423     0.8707    -0.3532    -0.2790     0.2648     0.9231     0.8972     0.4145     0.1523
   -3.3931  -237.7289  1844.2614    -0.3482     0.8792    -0.3253    -0.1328     0.2972     0.9455     0.9280     0.3724     0.0133
   -3.6001  -237.2040  1844.0794    -0.3487     0.8923    -0.2866     0.0811     0.3334     0.9393     0.9337     0.3043    -0.1886
   -3.7911  -236.7029  1843.9329    -0.3349     0.9116    -0.2382     0.3877     0.3637     0.8470     0.8588     0.1913    -0.4752
   -3.9502  -236.2394  1843.8259    -0.2928     0.9375    -0.1881     0.7319     0.3463     0.5868     0.6153     0.0341    -0.7876
   -4.0673  -235.8062  1843.7485    -0.2139     0.9643    -0.1562     0.9553     0.2399     0.1726     0.2039    -0.1123    -0.9725
   -4.1389  -235.3810  1843.6808    -0.1125     0.9805    -0.1614     0.9651     0.0691    -0.2528    -0.2367    -0.1842    -0.9540
   -4.1675  -234.9361  1843.5993    -0.0197     0.9792    -0.2019     0.8166    -0.1007    -0.5683    -0.5768    -0.1761    -0.7977
   -4.1602  -234.4503  1843.4845     0.0422     0.9655    -0.2568     0.6093    -0.2286    -0.7593    -0.7918    -0.1245    -0.5980
   -4.1271  -233.9193  1843.3276     0.0718     0.9494    -0.3059     0.3025    -0.3130    -0.9003    -0.9504    -0.0279    -0.3096
   -4.0793  -233.3603  1843.1337     0.0912     0.9335    -0.3466     0.5140    -0.3423    -0.7865    -0.8529    -0.1064    -0.5111
   -4.0275  -232.8124  1842.9221     0.0689     0.9288    -0.3642    -0.9975     0.0580    -0.0407    -0.0167     0.3661     0.9304
   -3.9806  -232.3287  1842.7218     0.1542     0.8979    -0.4124     0.8787    -0.3154    -0.3582    -0.4517    -0.3072    -0.8376
   -3.8505  -231.8787  1842.4874     0.3269     0.8187    -0.4721     0.8518    -0.4716    -0.2282    -0.4095    -0.3275    -0.8515
